MOVIE_S2_data/elevation_000109.asc
nrows	100
cellsize	150.0
xllcorner	0
ncols	100
yllcorner	0
NODATA_value	-9999
[rows 68 to 84 of 100, columns 37 to 73 of 100]
4.511127288331645246e+01 6.201310945388772211e+01 6.613309714004337536e+01 5.332614322773023474e+01 6.216173515945727956e+01 7.620265880970258365e+01 9.605434167695450753e+01 8.373384181136532334e+01 6.435676516990365315e+01 5.082960264707371323e+01 6.395979154443184456e+01 5.030417950552426731e+01 6.950161334066656593e+01 8.073504485404797038e+01 8.720336349287090627e+01 9.543467350281500217e+01 1.042477330985226160e+02 1.115596942161126037e+02 1.198838086748349525e+02 1.154887266447919245e+02 1.071488281183992797e+02 1.023956842456266259e+02 8.823538988617568180e+01 8.269670477890485927e+01 8.269670477890485927e+01 1.026235574571428799e+02 1.112300516522501539e+02 9.133139135835044442e+01 8.094622101612554843e+01 1.006793179789563055e+02 1.154393147344993196e+02 1.012097596333140643e+02 9.776893299593669440e+01 1.161327689283910871e+02 1.301641413990204512e+02 1.217643129535636746e+02 1.301641413990204512e+02
4.000852042734663172e+01 4.225670064650518043e+01 4.637166403226041922e+01 5.775264472956295236e+01 7.757906888300306036e+01 9.024363355200888748e+01 9.618150299501107270e+01 7.659841506471293826e+01 7.608151831281016086e+01 6.395979059698115776e+01 4.486056535930965339e+01 6.395979154443184456e+01 7.655464779302451461e+01 8.523237262227348765e+01 9.653340401766426737e+01 1.072349653568737580e+02 9.893616068426564425e+01 9.160013517603917421e+01 1.083370473208166089e+02 1.012295559828425127e+02 1.035221443077797545e+02 9.408693641033872268e+01 7.423362614327442088e+01 6.872695856623137445e+01 8.853314480065543535e+01 1.007541051739779334e+02 1.100804596846480905e+02 9.498286355723868724e+01 7.526742780549962220e+01 9.498286355723868724e+01 1.054711940724332493e+02 8.724521187116857845e+01 8.792489327522727649e+01 1.077793144877352347e+02 1.202119444585670038e+02 1.020150776218261370e+02 1.202119444585670038e+02
3.661966430178738108e+01 5.642456837550790993e+01 6.612899679242879358e+01 7.431720112215595009e+01 8.576948136574348780e+01 8.485364606757595141e+01 9.338897599871883415e+01 7.659841506471293826e+01 5.732431858745446362e+01 4.881414290770325692e+01 4.219628060781765555e+01 4.927827518557785424e+01 5.779099725307263213e+01 6.885164353178426211e+01 8.829941623342980961e+01 9.573679365850985334e+01 7.907031172096968419e+01 8.016202359620773166e+01 9.543547353539123890e+01 8.131626815858712121e+01 9.521307211163303919e+01 7.536014655050563249e+01 7.900322626955983196e+01 6.183247100912296901e+01 7.262824208862419084e+01 9.245246051845418833e+01 1.017553187110879804e+02 8.197628935124187421e+01 7.060009318713481719e+01 9.033589078587139909e+01 9.039543269167464246e+01 7.742527144134841421e+01 8.876923967747099198e+01 1.086377966803318742e+02 1.118896952876949058e+02 9.269538275866180754e+01 1.118896952876949058e+02
3.405968902732923453e+01 5.078300415554883074e+01 5.897310251201442100e+01 7.040120436124477976e+01 8.119530258140179058e+01 6.352069803615287924e+01 8.119530258140179058e+01 8.475637686493818990e+01 7.608160189282524755e+01 5.882720877813888194e+01 3.991000493854167530e+01 4.824851973365006330e+01 6.171926636502123387e+01 8.106516194864740044e+01 8.764271435796716503e+01 7.939614010205382044e+01 6.769808047967494247e+01 8.746660743762625145e+01 8.552525870833061106e+01 6.740515310879722222e+01 8.069295476747963392e+01 7.845427103859462648e+01 5.940776981485372232e+01 5.673899177300208407e+01 6.790762073596495441e+01 8.768388605841650474e+01 1.019671647338308560e+02 8.622069251362164266e+01 6.645860110015037492e+01 8.430238822875188021e+01 7.065171207763863492e+01 9.039543269167464246e+01 1.054711940724332493e+02 1.169938381464042152e+02 1.054915911113505018e+02 8.665145119322437495e+01 1.054915911113505018e+02
5.078649132160166602e+01 3.082754503295364756e+01 4.241551438570180466e+01 6.221570266014231976e+01 7.253706277902551847e+01 5.161154041947750670e+01 7.253706277902551847e+01 7.260065392548534646e+01 6.152681369758078489e+01 5.352468592509517720e+01 3.773467707011181460e+01 5.658214972389593100e+01 6.738554799333842027e+01 8.682360471485269215e+01 7.939614010205382044e+01 5.977982867137498602e+01 7.939614010205382044e+01 9.573679365850995282e+01 7.727694411769442695e+01 5.777880618420183367e+01 6.112277931995485147e+01 6.535221836069635515e+01 5.099716116355634909e+01 6.193773744176389329e+01 8.158079808042967329e+01 9.597346245108599305e+01 9.367842281699535079e+01 7.391546574401390046e+01 6.249007298999219273e+01 6.453333616189927113e+01 8.430238822875188021e+01 9.866905869738245372e+01 1.168460436307591550e+02 1.143927273808613876e+02 1.000529111847002923e+02 8.139424571392980567e+01 1.000529111847002923e+02
4.283866710474037376e+01 2.864530698704787781e+01 4.283881618899643229e+01 6.267187612450968004e+01 6.513877339887203277e+01 4.444532467665091957e+01 6.513877339887203277e+01 6.452024804078418185e+01 4.547537569440233085e+01 3.471705526448715773e+01 5.352468591755516769e+01 5.305902078144608680e+01 6.656822893963111198e+01 8.599526414245410422e+01 7.463848574830682026e+01 5.520307737137527937e+01 6.849246997564486605e+01 7.667903842866159891e+01 7.326491091746684958e+01 6.685475099952439848e+01 4.777767685033749956e+01 4.634822706319341989e+01 5.331692467008124936e+01 7.266516631929772529e+01 8.984899368431496214e+01 1.045145488182469506e+02 9.304977022007167875e+01 7.859555446322060845e+01 5.882134349696629982e+01 7.859555445852954847e+01 9.167663923286261252e+01 8.861026770467587710e+01 1.085007046537461690e+02 1.061637849156255413e+02 8.723503226261090049e+01 7.659224457431837152e+01 8.918667011074923323e+01
4.074579656897549285e+01 2.655999496855301700e+01 4.074579656897549285e+01 6.059666442715953849e+01 5.889946385068409285e+01 3.788204083766930097e+01 5.889946385065518086e+01 6.492878981042061071e+01 4.588144122339787856e+01 3.260502314675298408e+01 4.588144122323078022e+01 6.492878913854238476e+01 7.054047571423350860e+01 7.868344433459557763e+01 8.286426888482522202e+01 6.849246997564486605e+01 4.933929862256941590e+01 6.307513398123423087e+01 5.395861885562528926e+01 5.746122743960221158e+01 4.218063002212095114e+01 5.543240850723194058e+01 7.266516631929772529e+01 6.688727579560330128e+01 8.661422798350773178e+01 9.621374642177305248e+01 7.643169123873687454e+01 6.502694443251866119e+01 5.619847363749565972e+01 6.365727420851600016e+01 7.250265915339321054e+01 9.226023062140302500e+01 1.030331287832422333e+02 1.066040076362866671e+02 9.852939091521005821e+01 8.918667010171087384e+01 7.040928893470882599e+01
3.871066570983618504e+01 2.457960957363623677e+01 4.452861095158770155e+01 5.916895781352445738e+01 5.137331331959558867e+01 3.161554654108105211e+01 4.875372793868302779e+01 5.823517999688828439e+01 4.945006942196268795e+01 3.050256643535332302e+01 4.945030310145160968e+01 5.946545258289312130e+01 5.135797295576576005e+01 6.484766603835916499e+01 8.428413404173932122e+01 7.667903842481774745e+01 6.307513503764955942e+01 4.411390108562785883e+01 4.062526936917586795e+01 3.843130896251744133e+01 5.746114173705133510e+01 6.853432413193061734e+01 8.301988503297566524e+01 8.661422798350773178e+01 9.489830022368707318e+01 9.802232024981056213e+01 8.973515487678498914e+01 7.357493504340460788e+01 5.384951196383369876e+01 7.357493498007092114e+01 7.856233993916897873e+01 7.492709676156904663e+01 9.473739928367456287e+01 9.561180158625467129e+01 7.965225559020041146e+01 8.535175226278450111e+01 6.642112867579734825e+01
4.254293666764846193e+01 2.268013852588707735e+01 4.252862798733956140e+01 4.817021253250648272e+01 3.249618658725049158e+01 2.584579898025099709e+01 3.111995552378810714e+01 4.715318561899906769e+01 4.657426720722558855e+01 2.841195633311122748e+01 4.746418868973774607e+01 4.048396687023540608e+01 5.946545258289312130e+01 7.868344427119683360e+01 8.337525237726036664e+01 7.729028577686383983e+01 7.121109046750386540e+01 6.307513398123423087e+01 5.494065795499113136e+01 3.573636472148982790e+01 4.142727154484259700e+01 6.042219947197076380e+01 7.635076849076662597e+01 8.457338633963532004e+01 9.599875983864042439e+01 8.973515487679487990e+01 6.987871789774537490e+01 7.125027158457413634e+01 5.156359405353923364e+01 6.801378654129007373e+01 5.882782780419132962e+01 7.276497281043127430e+01 9.255848969641718327e+01 8.763473859944443234e+01 6.869888290573733514e+01 7.669703758224503076e+01 6.264075617006842833e+01
4.054850880257002643e+01 2.080974980068523905e+01 3.901056531260702087e+01 3.863414956945230472e+01 2.045512700180520582e+01 2.089877575677396848e+01 3.566571985700226577e+01 2.371425397242551725e+01 4.284861785035828063e+01 2.637161844596464277e+01 3.201713903956008522e+01 5.097442233517644894e+01 6.748327824992917101e+01 7.995480093127004295e+01 6.271020495088489355e+01 5.664285354047917309e+01 6.474009799335655657e+01 6.013793956589579182e+01 5.117136728220221897e+01 3.370129743741069461e+01 5.305168636779590940e+01 5.027195471315106090e+01 5.689613659043217808e+01 6.801242464536088050e+01 8.774115800908064955e+01 8.965747024735337334e+01 6.986777735181105697e+01 5.593764776349235035e+01 6.510505975218639207e+01 4.839339794535391803e+01 6.801380165737167260e+01 7.856187807732770523e+01 9.839933170206053603e+01 8.763426565031295468e+01 6.869888765704040168e+01 5.748869545483252352e+01 7.245880423956261041e+01
3.371563254629396766e+01 1.890673139140822556e+01 1.936347116978889460e+01 1.981883260030204141e+01 3.114707900079625702e+01 3.930017378821590768e+01 2.151514823158164802e+01 2.194454402325924036e+01 2.373375986440685992e+01 4.065206473580109048e+01 3.914011958312189421e+01 5.103532273513956596e+01 5.228913240992828548e+01 6.617643905271188487e+01 6.271008955090299963e+01 4.179421802367800609e+01 4.446441532400772445e+01 4.651012910294440417e+01 3.084814759453036004e+01 4.505889224814053762e+01 5.355709757788201131e+01 6.525722653440018917e+01 7.635076849076662597e+01 8.457334151812004563e+01 8.490548876706600367e+01 9.074998677246624368e+01 7.792952041250973139e+01 5.917521177168614344e+01 4.555137179912372147e+01 6.509898433552325514e+01 5.882782743858735586e+01 7.276492893306158294e+01 9.255695132582268059e+01 9.562678392242320058e+01 8.463806534691953232e+01 7.245860811338370411e+01 5.317909372468124474e+01
1.827883281328172060e+01 3.707530697326025404e+01 3.911624485237204851e+01 3.957821133496932475e+01 2.781870429199517858e+01 4.239893455929400545e+01 4.262465146746813360e+01 3.084734180870559328e+01 2.256149441679399459e+01 2.299586132874828337e+01 2.343037152679009338e+01 4.337287811086646627e+01 3.822357207863470308e+01 5.266591142564087846e+01 6.067668119850091557e+01 5.052391742925984630e+01 2.890396630299645864e+01 2.806775957330629367e+01 4.101550538689259184e+01 4.474934223091032948e+01 4.096016427359177214e+01 5.736628458485735393e+01 7.185799812045901547e+01 7.914050150590402666e+01 6.509568316961633627e+01 7.089781451756697095e+01 7.764380807600470291e+01 5.751354819925764872e+01 4.365577073871226332e+01 6.317753787403715648e+01 7.856185180941389490e+01 8.680319439069349130e+01 8.645110362847498209e+01 8.666647755289604049e+01 8.095986868065270414e+01 7.996495492416045181e+01 6.788394691947451065e+01
1.784304546656425217e+01 3.231442966861263955e+01 5.363370545407943979e+01 4.585081777615310017e+01 4.585114734627382660e+01 3.741585077522658054e+01 5.031732770492073570e+01 4.585290822264823163e+01 4.537516671313581185e+01 4.375086484372618401e+01 4.324743749018357875e+01 2.405059482135688853e+01 4.403834877780128920e+01 3.516849949205803938e+01 5.171502879304536293e+01 4.670469604044426148e+01 2.732882478139658033e+01 4.743928469228060152e+01 2.884475693853782730e+01 2.940119996398329150e+01 2.996640623187196439e+01 4.422711882702066077e+01 5.891475473672328889e+01 6.036827024986281742e+01 5.119878814567999825e+01 7.089778566822759842e+01 7.950654541220437466e+01 6.129027209877410343e+01 4.177104118302428049e+01 5.552832615408163974e+01 7.520185067468689510e+01 8.071472718777366140e+01 6.671082501453633995e+01 6.778283603329846585e+01 6.232491370915664675e+01 7.310397863591616385e+01 6.478825767664365287e+01
3.293150090051554457e+01 3.748461702120450667e+01 5.819831724725995059e+01 6.575580767959479545e+01 5.526430094133213089e+01 4.967507172982486452e+01 6.314239090716213099e+01 7.032080616040704513e+01 6.653765646403724077e+01 4.768753006527617089e+01 4.496765125532787977e+01 2.533654912327260789e+01 2.472024735692423647e+01 2.519964736812667994e+01 4.524523572458350884e+01 2.659909987123860020e+01 2.922680190521352372e+01 4.938554604698699535e+01 5.334550922201048451e+01 4.948782109554086617e+01 4.536424378744554531e+01 3.077593399874780644e+01 5.078614056556361334e+01 4.066308635348410405e+01 6.036824593717594922e+01 6.780576158752467109e+01 7.114709571467159321e+01 5.131700307058864041e+01 3.988364590609307925e+01 5.368252152936087640e+01 7.336801784401983184e+01 7.243087456479079833e+01 5.287671828688282005e+01 6.009784257182530354e+01 4.963417773483617168e+01 6.475574870832028296e+01 4.518338791805123122e+01
2.257054379031554348e+01 4.238461347783189126e+01 5.634348778892177023e+01 6.779735572520300479e+01 7.459384973865817869e+01 6.875997201089732869e+01 7.186281014898240471e+01 6.364085200211383153e+01 5.715168128283087867e+01 4.705022081089633446e+01 2.713152572177394006e+01 4.506394319448816788e+01 4.475246497298388704e+01 2.907344755980314233e+01 2.589101118910517840e+01 4.504675440990682489e+01 4.937568870636128793e+01 3.347716268523131333e+01 5.400173484471415009e+01 7.065291284512674963e+01 5.869351293813386405e+01 4.500684690568732549e+01 3.158780175862942485e+01 5.155582490849656097e+01 5.967290944868810953e+01 4.815653226057717973e+01 5.449772654444849707e+01 5.204194953547870028e+01 3.800744443178021470e+01 5.761718888139934336e+01 6.530489835280864952e+01 5.859259974004126548e+01 5.645752818110876348e+01 4.061333248030233278e+01 4.125558715592111270e+01 6.072352148472486277e+01 6.225903611178545560e+01
4.238461347783189126e+01 2.825563921903704667e+01 3.974122370008906557e+01 5.956224851884843474e+01 7.222651851875396289e+01 7.766518387661197664e+01 5.785278428862436328e+01 4.389498234852916170e+01 4.856868826393701255e+01 2.906155606040788797e+01 4.124521679687255471e+01 5.525185845955959962e+01 5.214347332474451235e+01 3.226073021290731191e+01 4.598218202473042737e+01 5.394481184479067082e+01 5.732092128544655196e+01 3.697400688427063642e+01 5.732835033992391516e+01 7.045625166230774994e+01 7.280789851912963684e+01 5.963251036456915699e+01 4.553966019243608088e+01 3.240257438574891324e+01 3.312068229808870967e+01 3.393859915405413830e+01 3.467917468703560502e+01 3.533161576463260900e+01 5.508245486372129562e+01 6.346697257859398889e+01 5.059667905271038535e+01 3.904579034215618805e+01 3.969866117629688063e+01 5.921530121083488751e+01 5.549401807688778376e+01 4.215267565972336428e+01 4.278522534986961290e+01
4.811857351151752482e+01 4.811857450412348669e+01 3.529818823982559906e+01 4.418612387963007393e+01 5.817551316688165741e+01 7.800834968320577900e+01 6.511660925673093914e+01 4.536746840211682041e+01 3.115509565439839079e+01 4.908898065081069007e+01 5.729557409718540839e+01 6.925886483376670810e+01 5.214359938815995577e+01 5.214359938816179607e+01 4.008111429167357187e+01 5.966190725730153588e+01 6.384587542597111565e+01 4.446974119082877053e+01 4.244934554892383005e+01 6.227222267977919046e+01 7.581279086742611639e+01 7.186080445586880217e+01 5.498395577918277155e+01 3.649782888887924059e+01 3.346659453698030262e+01 5.310555738028558892e+01 5.449748073019272709e+01 5.508283861886201294e+01 3.626120639248795641e+01 5.595713608298000707e+01 3.811836878788525240e+01 5.771290359634039646e+01 4.806106228406821401e+01 6.532962805850432630e+01 4.940913431558288949e+01 6.161216605710292527e+01 4.962713083896013444e+01
