MOVIE_S2_data/elevation_000529.asc
nrows	100
cellsize	150.0
xllcorner	0
ncols	100
yllcorner	0
NODATA_value	-9999
[rows 51 to 67 of 100, columns 37 to 73 of 100]
4.449779876513707677e+01 2.732305666612424133e+01 1.913919891508231075e+01 3.892883319936885300e+01 2.025149990919740262e+01 3.965082531701530399e+01 2.848787545999212512e+01 4.048590941933308329e+01 4.104977685102679885e+01 4.450313490440172615e+01 3.343043868407673358e+01 2.393099643793214071e+01 2.436905431781236686e+01 4.431170602753187637e+01 4.577520396915571865e+01 2.757257221237054878e+01 4.680700216712676109e+01 5.687607808325264358e+01 6.318145976938065189e+01 7.141388966893286749e+01 6.748052774768878237e+01 7.448283670553504976e+01 8.275428142146623145e+01 9.427978278591270112e+01 8.803651474903162466e+01 7.985131339359382707e+01 7.141402233552258849e+01 5.787367067559586786e+01 3.787582428847979799e+01 5.687948663128898374e+01 4.867940347230925369e+01 6.507526000468872951e+01 5.832619893948049139e+01 6.685314553786763270e+01 7.706884245494153163e+01 9.543560652253148646e+01 1.133633060272134259e+02
4.125665908721464348e+01 4.046861653942885795e+01 1.943065821680367122e+01 1.966878457716706308e+01 3.947387766551631927e+01 4.824386258746791611e+01 5.296441234172484513e+01 5.343594056724140984e+01 5.799945286713708725e+01 5.797654236672340033e+01 5.311556038342774144e+01 3.156549453042303810e+01 4.538262733435526997e+01 5.422435696596288324e+01 5.494965923062532198e+01 4.680715158713559276e+01 2.947280454781126480e+01 4.868220563952061042e+01 4.345882498275226880e+01 5.738205773552132882e+01 7.718507329017765528e+01 8.937239549414557871e+01 9.765307453668549442e+01 9.191471177598239706e+01 7.363672632712467703e+01 6.052085192436109651e+01 6.208310473755779668e+01 4.116859323671108939e+01 3.848695600441721609e+01 5.860709958853601620e+01 6.427142182437331996e+01 7.271999059273433375e+01 7.679514241599584068e+01 8.444622200019811942e+01 9.257494250508436551e+01 1.032725691197917541e+02 1.011171509936062023e+02
6.070899829384453028e+01 4.897487045749641510e+01 4.045147420264021321e+01 2.390545373933474593e+01 2.208567118055545819e+01 4.203168338249742675e+01 5.282978701554161916e+01 6.727393326164936127e+01 6.400267810219186515e+01 7.131536213929493329e+01 6.409258901229550531e+01 4.316852966479553544e+01 6.409258901229550531e+01 6.181148426871913415e+01 4.207492856914436175e+01 3.651651035901178233e+01 4.870690025815365232e+01 3.135789879854664264e+01 4.492872729472616555e+01 6.466033256343860103e+01 7.533053695122296745e+01 6.951420870181998168e+01 8.937239549414557871e+01 9.814535276849609602e+01 8.482387081746088597e+01 6.798186797169326212e+01 4.736603931868587125e+01 5.981221352758365839e+01 5.483462238066397987e+01 3.936641907303003762e+01 6.076902964265568130e+01 8.055787876776261669e+01 8.817536568412833731e+01 7.986592316444824746e+01 8.482602802435462763e+01 9.036370888091326492e+01 8.099930288297910863e+01
6.415832301225624690e+01 4.400904023604716997e+01 3.016389738548269861e+01 4.350494787657353157e+01 4.203168356712789233e+01 2.457185734364773566e+01 3.871441725262147315e+01 5.300178630688104420e+01 4.368682877222857286e+01 6.400305034606181209e+01 7.553633706454810692e+01 5.997017889171434746e+01 7.112620298512915440e+01 5.136668444801172484e+01 6.181148426871913415e+01 5.611399330368731597e+01 5.215761616452871152e+01 3.269351182799069022e+01 5.216315469911564406e+01 6.649997148573685024e+01 5.558479229063375016e+01 6.694661167964260073e+01 8.678319185563209714e+01 8.953413030559666197e+01 6.838078701823260985e+01 5.626137375410306163e+01 6.795275674879580663e+01 6.837149610906635644e+01 6.001353874133621957e+01 3.999323862940765650e+01 5.186224603589580795e+01 7.259817408432760999e+01 7.346139543410437511e+01 6.012584293997348084e+01 6.498560855231716005e+01 7.039731657523665831e+01 8.446673924406091771e+01
4.735822947399446292e+01 3.743085285059567013e+01 4.991069328879355282e+01 5.825872305346116775e+01 5.283366206579618307e+01 4.414585301016711583e+01 2.714413699571407790e+01 3.291257688707383977e+01 5.300184226640725882e+01 6.027697180115386288e+01 8.058214848559710219e+01 8.246185800937091415e+01 7.860351838178436878e+01 5.882038171176829877e+01 7.860351838178436878e+01 6.505899724790813821e+01 4.528207429905619108e+01 3.403950608785166310e+01 5.364058476981462320e+01 4.673656070023908171e+01 6.649997148573685024e+01 8.358364161925277358e+01 9.506149444466504406e+01 9.070228948940470559e+01 7.059841057083582427e+01 7.059327152220670598e+01 8.376445335635546030e+01 7.595203041506673003e+01 6.082430513712989040e+01 4.062704619137460327e+01 6.083123027266159255e+01 6.777759179762347230e+01 5.376442260153565655e+01 6.764044033111940735e+01 8.482602802189597924e+01 9.036370888091326492e+01 9.870706660782531117e+01
6.425094973600597825e+01 4.397927753165276243e+01 6.425094973600597825e+01 7.165876217052120012e+01 5.213925026970755283e+01 4.910656395914391226e+01 2.907867383503942804e+01 4.910639506158303647e+01 5.300181423383101276e+01 7.305028039822794028e+01 8.891966962527607166e+01 9.853588936285974853e+01 7.860351838178438300e+01 7.860344738362985595e+01 8.686864336941485476e+01 7.329537516131556174e+01 5.530197267918049420e+01 3.557413958271013854e+01 3.896236015629838079e+01 5.295646896562406880e+01 7.273041617541508685e+01 8.585950401707439994e+01 9.856199781392879800e+01 9.921514594541663712e+01 9.070228948940470559e+01 9.060999135508927793e+01 8.702085688239834838e+01 6.978232498313784049e+01 5.133035532888510488e+01 4.126791638374078275e+01 6.138122357296042964e+01 4.793115367178416619e+01 6.777759179980014892e+01 8.174036427937116400e+01 9.584028428498034202e+01 1.060893156997993287e+02 1.013418813670713945e+02
7.260115852271864867e+01 5.411613335880574027e+01 7.260115852271864867e+01 6.871254721617867744e+01 4.676583899172593561e+01 3.229747505730725976e+01 3.299775540040415223e+01 5.293675233720882289e+01 6.312289682106253963e+01 6.934663998414583830e+01 7.625570422362424949e+01 8.431703820135599869e+01 9.403392531495006779e+01 8.915755248709865555e+01 7.939404942121315401e+01 7.121841516390971094e+01 5.698259172089881730e+01 3.716834184575783695e+01 5.698258982097969749e+01 4.645394858669520488e+01 5.786467049052275513e+01 7.761670906451878693e+01 7.883208575445028998e+01 9.856199781392879800e+01 9.390613444315476954e+01 8.556552297066842527e+01 7.632080572442714583e+01 5.892006243575870172e+01 4.474735251047784601e+01 6.018191113569410788e+01 4.222468798574254123e+01 6.237674474653713474e+01 7.156241332490841955e+01 7.823357728596108984e+01 8.650581524907707376e+01 8.607395171616821017e+01 8.608628726853943647e+01
8.271095448545300144e+01 7.438576966785095124e+01 8.271095448545300144e+01 6.956460711021813381e+01 5.467431838455212301e+01 3.465507713838724158e+01 5.293666737835044245e+01 3.891789939512192120e+01 4.331071630657489635e+01 4.966544047747192536e+01 5.671392626699864792e+01 6.654975442422694698e+01 8.596166935796236430e+01 8.093703330702150822e+01 6.154367304678976325e+01 5.179191037581313140e+01 4.515820122189852270e+01 3.882929965251331339e+01 5.868819465310255623e+01 6.621286427677831909e+01 5.577981486377682074e+01 6.273218640485603004e+01 7.667401812234621161e+01 9.650379794845230208e+01 8.556552333320269099e+01 6.571681970407067297e+01 6.805792169188755736e+01 4.828985644865680626e+01 6.471651050364380353e+01 7.022381504279233866e+01 6.237850642033304638e+01 4.320977310292630591e+01 6.331094658654872376e+01 5.844820490314705097e+01 7.820192323019763592e+01 8.057003737770631346e+01 6.626236822767596379e+01
9.012097506634853517e+01 8.188343134197441486e+01 7.487376616858490763e+01 6.133241984739283481e+01 4.135801964378995876e+01 3.743646667313878140e+01 5.744958856351692589e+01 5.879952416814074923e+01 5.739221109046950886e+01 5.399680129732065836e+01 7.360267958530596388e+01 8.431703820135599869e+01 9.403498519789120280e+01 8.916085298381655377e+01 7.939548293441060878e+01 7.121841440073059459e+01 6.171066641252652119e+01 4.190954602590066713e+01 4.194728392305383835e+01 6.178401471572558279e+01 7.314963444370047796e+01 8.248202616397659881e+01 9.069228385383993896e+01 9.537497343359019908e+01 8.384365514975864642e+01 7.153036611651101850e+01 5.188725685776654473e+01 6.225942898856309426e+01 7.632080572442815480e+01 7.737723068030253160e+01 5.751901347313514634e+01 6.257755364035052281e+01 4.420870885258858607e+01 6.424586198928120950e+01 6.599265535997157883e+01 6.088682296888853784e+01 5.652157243471756232e+01
7.349179071502449290e+01 6.205710423017075072e+01 5.502840266505410227e+01 4.870019594793316742e+01 6.073585069933248093e+01 4.074640687359242719e+01 4.533403568966453889e+01 6.526857662593351961e+01 7.695799604780317793e+01 7.360267958530596388e+01 6.790836408921786926e+01 8.734997328439325770e+01 9.955098073554817972e+01 8.803744468367956699e+01 7.917529695658454614e+01 6.622332002325133260e+01 4.647028046608570406e+01 6.175013746224413325e+01 6.178401471574239423e+01 4.515738274288394649e+01 6.493007677602280125e+01 7.399233274482907063e+01 9.380330719762038427e+01 8.702380941544261361e+01 6.712904207175296278e+01 5.590640365629214870e+01 5.807175246693135762e+01 7.775464589026792339e+01 9.038218246029333613e+01 8.569413654894904653e+01 7.734526498260515837e+01 6.616935041308289556e+01 4.603278061195275939e+01 4.530193711861389971e+01 4.607638011506396225e+01 4.685083375106935932e+01 4.762313863876139663e+01
9.012097506634853517e+01 8.188343134197441486e+01 6.495602455294798006e+01 6.859811120207119473e+01 6.410764988809924603e+01 4.415981640711395073e+01 6.410764998322602537e+01 5.387847288650709032e+01 7.373574657752033090e+01 9.189124398131495752e+01 8.734997328439325770e+01 9.543252622475708336e+01 9.125422132376506568e+01 7.134869227333169306e+01 6.001287290517492323e+01 5.124121825147195608e+01 6.622332002325137523e+01 7.445357585642659615e+01 6.723056548305423519e+01 4.747222117724832913e+01 5.589441245924367507e+01 6.830970383792167411e+01 8.771141253373829727e+01 7.984099743983794895e+01 6.012018130078719480e+01 7.553756222786134344e+01 6.598978253357117296e+01 7.775464589026792339e+01 9.779538480899964270e+01 8.976701402533826979e+01 6.981616702840304356e+01 6.740572003334209228e+01 4.783283542246309139e+01 6.513047160623644061e+01 5.596537812720880822e+01 6.667321937848961966e+01 5.179686304053538493e+01
1.028177582392116989e+02 9.304278830095580588e+01 8.480353838967292290e+01 8.576804723273679087e+01 6.762448714472682809e+01 4.773025191022311731e+01 6.762448714472682809e+01 7.373574657752033090e+01 6.381864761917525186e+01 7.525924909638898441e+01 9.511871150130471619e+01 1.020032871477098269e+02 8.200337791035026669e+01 6.799817028280988040e+01 5.669437848409577185e+01 7.092978851424261677e+01 7.917529692213012993e+01 7.088952943917354332e+01 5.118383683301762233e+01 6.723056547060916444e+01 5.627612286821833010e+01 6.995978493974310197e+01 8.970345226962780316e+01 8.297393722066155419e+01 6.315948790257557732e+01 8.297393722066155419e+01 7.997778737631381318e+01 8.217633635397093883e+01 1.023114632622924773e+02 8.385920832214623033e+01 6.399969612064948876e+01 5.029084176822485830e+01 6.740557736573342140e+01 7.553493029173255024e+01 7.353160276156550879e+01 6.682266645985080800e+01 7.816140552352327120e+01
8.852171707984395255e+01 1.087802950350175450e+02 9.156802978531668202e+01 7.172351104217379714e+01 5.771313833793308845e+01 5.211699777204295003e+01 6.614618162868228524e+01 8.597215159133683926e+01 7.783441397781651006e+01 9.189124398131495752e+01 1.033656231328298247e+02 1.013871934046137113e+02 8.416504463175706974e+01 6.435085763583784058e+01 6.319661021503680587e+01 8.299161651648248039e+01 7.467986650052897346e+01 5.498299928678364523e+01 7.088952943932771689e+01 7.912256079717111845e+01 7.003446631566633584e+01 6.856518389768152133e+01 8.840321420771532246e+01 8.624839578967988984e+01 6.633064367869884848e+01 8.624839578967988984e+01 1.000991600481126227e+02 1.023114632622924773e+02 1.013330999399716035e+02 8.836401089904107664e+01 6.846129814572653061e+01 5.470220798972766829e+01 5.291355459828515961e+01 6.996052005914702931e+01 8.912341277460352273e+01 8.013951362831953418e+01 9.223966989539255223e+01
9.766725463617386538e+01 1.093533858098790148e+02 9.374352030881239273e+01 7.389324192412463788e+01 7.753583570465208652e+01 5.915108511919176237e+01 6.100299914178059169e+01 6.907516408536095298e+01 8.890899978100193835e+01 1.059480739848133908e+02 1.072544627113328914e+02 8.721659425986430847e+01 7.313869354266731193e+01 8.416504463175706974e+01 7.060102289301566714e+01 9.052045367441945700e+01 7.741337587096683137e+01 5.769999440369970500e+01 7.741337587080627713e+01 8.998804437356611174e+01 8.986544796851202932e+01 8.250845074066009488e+01 9.679861288200913805e+01 8.968076437882994867e+01 6.966676880832945074e+01 8.376593965524419616e+01 1.039604295590970935e+02 1.087478317943568271e+02 9.307394716156476022e+01 7.305245930303365753e+01 6.173146807202593322e+01 7.429077641793587361e+01 5.478068624303715950e+01 6.871171110623814116e+01 8.947903251385201884e+01 9.888988489774180835e+01 1.025356065345106344e+02
8.072832736706942569e+01 1.010005728572864854e+02 1.019894193323895735e+02 9.298958929877927915e+01 7.314127813817232493e+01 7.056952329475804220e+01 8.081187026491538461e+01 8.081187026491538461e+01 8.308486478181102086e+01 1.029697054851403522e+02 1.072544627113328914e+02 8.721659425986430847e+01 8.721659425986430847e+01 9.882086293205748007e+01 8.051027499687654654e+01 9.730986114121395758e+01 7.741337587087164707e+01 6.645271163513973534e+01 6.195714641152482471e+01 8.172704959052076390e+01 1.014368349913720238e+02 1.028164466168726392e+02 9.537557044239265736e+01 7.524754216518057603e+01 8.967643751396728646e+01 8.376596028083477563e+01 1.039621367234330762e+02 1.005133658138805117e+02 8.040118963605470981e+01 7.046069877904979251e+01 8.151451217195953802e+01 7.634956982291780037e+01 5.668262893082218312e+01 7.635089030159569745e+01 8.812770265779846568e+01 9.993694267982324675e+01 1.149966696686633441e+02
8.072832736706942569e+01 9.243203537112424328e+01 1.127054127366633907e+02 1.012360386540567703e+02 9.298958929877927915e+01 9.040909723977857482e+01 9.865416560932615653e+01 1.006805708280322307e+02 1.029697054851403522e+02 1.112216622796197640e+02 1.155577925493631284e+02 1.072544627113328914e+02 1.072544627113328914e+02 1.088352560064998613e+02 9.465643774406956368e+01 1.003808709343774552e+02 8.044027383857321922e+01 8.517751643146307572e+01 6.535609350158978259e+01 7.331632200735710114e+01 8.477514767400691653e+01 1.046699105236424856e+02 9.958204912621773985e+01 7.939612210106695045e+01 9.958039772653999933e+01 1.039612643966099625e+02 1.123438949649985830e+02 1.087478317943568271e+02 9.045727772496772445e+01 8.195902276238315665e+01 8.138392376862803701e+01 6.156909746211145062e+01 7.635088100784277287e+01 6.000627594842024592e+01 7.127794011459850765e+01 9.147797277612687594e+01 1.059861483437973817e+02
1.010005728572864854e+02 1.093533858098790148e+02 1.210273907643837390e+02 1.066622144835362889e+02 9.829996597886206189e+01 9.829996597886206189e+01 1.019472848571508194e+02 9.607093561799032955e+01 9.712682474745669481e+01 9.712682474745668060e+01 1.054622889910923078e+02 1.094927814173854301e+02 1.011537054889366090e+02 1.094927814173854301e+02 1.147121926423566407e+02 1.086591657259217953e+02 1.003808709343634007e+02 8.874656973879110922e+01 6.887492192536585378e+01 8.874656973896313161e+01 1.014368349913720238e+02 1.128350865590137175e+02 1.079609761245495463e+02 9.364731107660925602e+01 8.627905755202438343e+01 9.795533191808939932e+01 1.182362038959048505e+02 1.186877115189390253e+02 1.102931320091715861e+02 1.020661098916953193e+02 8.508745807945597051e+01 6.514353808152655745e+01 8.228523277208245190e+01 6.244234339392188105e+01 8.228523543290837949e+01 9.313276969643602854e+01 8.566318983812742260e+01
