MOVIE_S2_data/elevation_000413.asc
nrows	100
cellsize	150.0
xllcorner	0
ncols	100
yllcorner	0
NODATA_value	-9999
[rows 0 to 16 of 100, columns 0 to 36 of 100]
4.047028337263018118e-03 2.000404702833690607e+01 2.436096607743369447e+01 7.648945823555825640e+00 9.989768767478416578e+00 2.998976872784390224e+01 3.700493733966919763e+01 3.906381336148552208e+01 4.196981134810038583e+01 4.501266890679464439e+01 5.329928303425403158e+01 6.961456694167139858e+01 7.441485092128692713e+01 7.027246289868004681e+01 7.855753845352356279e+01 8.750240695517355505e+01 9.905056407317691480e+01 9.289561064590576223e+01 8.444053302639431990e+01 8.181197980578909323e+01 9.025711674891459779e+01 9.147815264190205653e+01 8.713542590505051066e+01 9.560517437591934709e+01 9.964297734415924879e+01 9.229925773412654166e+01 9.229925773412654166e+01 9.471057410304058521e+01 9.100858390540778942e+01 9.039905760401602208e+01 8.212299651936514522e+01 8.057252378543657301e+01 8.885085051330258921e+01 9.886232181340108127e+01 1.028837754734293526e+02 9.464604316223930880e+01 9.751114473499633561e+01
9.482596902220898072e-03 2.178787175088778394e+00 4.360966077448693134e+00 2.436096369929375527e+01 2.998976825127825308e+01 1.337038578639245401e+01 2.108662224348713821e+01 1.978371384695727997e+01 2.226037294218588869e+01 2.505716264434053286e+01 4.501305788026549237e+01 4.960823695400723210e+01 5.441359277997410260e+01 5.027118841592386644e+01 5.921624900258960622e+01 7.076347166457907178e+01 9.076503691601159574e+01 8.444053302639431990e+01 6.444176127137023968e+01 6.187137439317945820e+01 7.134991881124905433e+01 7.134991881124905433e+01 6.707010644752837436e+01 8.395578167588350027e+01 9.229925773412654166e+01 7.552430816925432566e+01 7.552430816925432566e+01 7.471635491021838504e+01 6.915226634779872938e+01 7.881059963178911687e+01 6.201324866637229860e+01 6.045273258077188672e+01 7.054560482958622458e+01 9.059944274128702091e+01 9.464604316223930880e+01 7.474627272371512277e+01 8.057478054110337951e+01
3.324160138653916522e-03 2.000332416013829828e+01 2.436096607743369447e+01 1.590797146124084627e+01 3.590797126569901820e+01 2.936823498205119876e+01 1.647187613561536423e+01 3.791747208528854429e+01 4.196981134810038583e+01 4.501305788026549237e+01 2.957831437705292643e+01 4.960823695368827657e+01 4.026560743390969321e+01 6.027182565730196728e+01 7.478392240810687497e+01 8.306909151493785259e+01 9.306987385863180862e+01 8.444053302639431990e+01 6.444176127137023968e+01 5.056734103632274469e+01 5.159984286324023373e+01 6.495444690934833432e+01 5.572691843478734341e+01 7.555070831487419980e+01 8.055723385795656100e+01 7.149222841053268951e+01 6.296116586487296019e+01 7.323120345268726794e+01 5.370547811520179238e+01 6.336332399203624988e+01 5.029134228602580237e+01 7.051262818310426894e+01 8.885085051330327133e+01 9.886232181340128022e+01 9.464604316223930880e+01 7.474627272371512277e+01 6.058308979918383130e+01
6.476169185215582824e-03 1.414861179291604110e+01 3.414861179291533233e+01 3.590797135492927339e+01 3.223790307560249602e+01 4.663170606344866087e+01 3.888309904607341139e+01 2.495996991958151412e+01 4.734314573484060418e+01 5.788201564221702711e+01 4.958879452527988718e+01 3.459378953458502792e+01 5.461321262881375560e+01 4.811562200262861211e+01 5.478321223381454530e+01 6.478338980904516120e+01 8.478445500716847505e+01 8.342365668630576181e+01 7.502743709572123976e+01 6.147488083724643815e+01 4.175990042820324533e+01 4.523520928522085427e+01 6.495444690934833432e+01 8.395578167588350027e+01 7.225761940506787084e+01 5.262663313681531463e+01 6.336161741423636329e+01 5.953672898531405622e+01 4.426984767820204070e+01 4.296841839985295053e+01 6.336332399203624988e+01 7.051262818310426894e+01 9.057571382168596585e+01 1.015627839191003829e+02 9.332323738048955875e+01 8.881502409857232294e+01 7.115060714710621426e+01
5.418514359027011389e-03 2.000541851435867002e+01 3.375263575118106019e+01 4.205916185388021944e+01 5.223790251910753568e+01 6.052215487926871162e+01 5.580131441033427109e+01 3.851273673762044325e+01 3.684557684944567058e+01 5.784072116653582185e+01 6.285376270425648215e+01 4.615866268076238299e+01 6.289856466913784772e+01 5.966363801885551510e+01 7.478392240810687497e+01 8.306909151493785259e+01 9.306987385863180862e+01 7.502743713115735602e+01 5.518351237719508617e+01 5.654613561051333903e+01 3.681001888447165982e+01 5.654613573498059509e+01 7.328627425731303902e+01 7.963830745054275440e+01 7.991460498068589402e+01 6.479403534000483944e+01 4.431065398347298867e+01 3.918086225101890818e+01 3.622965763397822059e+01 5.691388855849577766e+01 7.168078529534830068e+01 7.775051853627914511e+01 8.600620151642986855e+01 9.332323738048955875e+01 7.339599491440272061e+01 7.923254910237092474e+01 6.626258044201937025e+01
5.264502547137648453e-03 6.671931207758038163e+00 1.374300034422361172e+01 2.529046132435386340e+01 3.943928223094282259e+01 5.949061282279159002e+01 6.772866855971869882e+01 5.940570875042230625e+01 5.192547882087286837e+01 5.192547882087288258e+01 7.212138016984783917e+01 6.616234137942245752e+01 7.444738293881066227e+01 7.966455220364707657e+01 8.794983828154532546e+01 8.586126814709703581e+01 7.585345860141046614e+01 6.750077014133319153e+01 6.099566339502526802e+01 4.127025850576061572e+01 3.325917452781333594e+01 4.715069255664009518e+01 6.692628769865714844e+01 6.005608249979117375e+01 6.952965805751084361e+01 7.285945941408400017e+01 6.446433529798677853e+01 5.291148682170111073e+01 3.217349939009270798e+01 5.303724979984481536e+01 6.353969439659290686e+01 5.765337830543585085e+01 7.775051853627914511e+01 7.828650591328168673e+01 7.923253763453980980e+01 5.917463175542644649e+01 6.851114284057904058e+01
5.458922989205592172e-03 2.000545892298885065e+01 3.374976450513999282e+01 4.199341657330364086e+01 3.999336435579355253e+01 4.755212944913797202e+01 5.583325022097208290e+01 6.583079331865900485e+01 7.212138016900296122e+01 7.212138016984603439e+01 8.041169275306702957e+01 8.090094989648940782e+01 7.258830073666858596e+01 7.513926056184925528e+01 8.344640137453336592e+01 7.743763160775533549e+01 5.756443189443931630e+01 4.775035628630543982e+01 5.694358436870368934e+01 4.979079459993715773e+01 3.023726095503104716e+01 4.979079460005269198e+01 6.267295321221784121e+01 4.627044182726454835e+01 5.083063500434888482e+01 6.984946106577277192e+01 6.991569936104561123e+01 5.010681801816607361e+01 2.911939654766906216e+01 5.011281086145273633e+01 4.312895933501730639e+01 6.353969439657668516e+01 7.288428445226961117e+01 5.954317812368002194e+01 7.288425070897606872e+01 6.851114284055336157e+01 4.822429154314515642e+01
8.589772593009903194e-04 2.000085897725894668e+01 2.687043556725949500e+01 3.054342910036246650e+01 1.999425621946089393e+01 2.755353946952178745e+01 3.755347124034209827e+01 5.169474227660833776e+01 7.168853344602565869e+01 7.865058157175195674e+01 7.036003677749346252e+01 6.959444090667558669e+01 5.319517133626746386e+01 5.568990992345661795e+01 7.513945202486748087e+01 8.585496304282192170e+01 6.835289902679632235e+01 4.859138635943947548e+01 3.723452812549783886e+01 3.206633502237304612e+01 2.741186955133403202e+01 4.320882663139518343e+01 4.538279728202532226e+01 3.503343977061101810e+01 5.452104705688610409e+01 6.392015742319375704e+01 5.555194911565934035e+01 4.124239688197949505e+01 2.619057842158906624e+01 3.252443982260981414e+01 5.333432686580665205e+01 7.182978991093277443e+01 6.439824978528416466e+01 4.604959910734915951e+01 6.439824978528416466e+01 7.275134550416331081e+01 5.943858331994504596e+01
3.158951013565912836e-03 3.433130653863735837e+00 6.914683772977674892e+00 1.056616748967816299e+01 3.056619069150488599e+01 4.345645793601891427e+01 5.012320587648948589e+01 5.840918479950075692e+01 6.841025341878645349e+01 6.737029810410137998e+01 5.101964292205515505e+01 6.139206582563081582e+01 4.228715735630906636e+01 6.139206582563081582e+01 7.270308181718833396e+01 8.100268734398116521e+01 7.670828985567418101e+01 6.522961207019911001e+01 5.694358436870358275e+01 5.167606505398600092e+01 3.746234970368893613e+01 2.409961278419816821e+01 2.614267620648028867e+01 4.513718788529838122e+01 5.714751051959199657e+01 5.555778782148610162e+01 3.482976568651342575e+01 4.088281943876970814e+01 2.339315445930424175e+01 4.446772932482733864e+01 6.168251390936046619e+01 6.029903975773173386e+01 5.303341610558500463e+01 3.713921744283813808e+01 5.654333978383472470e+01 6.444745010262519713e+01 4.398344781715838536e+01
4.111938136589871236e-03 2.000411193813623356e+01 2.691437347780421874e+01 3.056622648069189196e+01 1.742611085192239884e+01 2.345633748457332501e+01 3.012300206867502084e+01 4.012295965955074450e+01 6.012345209342831254e+01 5.919385517882280112e+01 4.015768275052447223e+01 4.820332758269768192e+01 3.669303977825479990e+01 5.563170340397874014e+01 5.330307604476273298e+01 7.270512330719536465e+01 7.353469011120320431e+01 6.522952960516610688e+01 7.353444585087305541e+01 6.537347980619911425e+01 5.141791446136814869e+01 3.983075836298394989e+01 2.089688135645829803e+01 3.119919886505361362e+01 4.905422135684111140e+01 5.554823591823458173e+01 3.482943892595785229e+01 1.989193272259162626e+01 3.755331924940970367e+01 4.604158050661672519e+01 4.893755044137039789e+01 3.861834244828321516e+01 3.429399385947478862e+01 3.036590738475350193e+01 5.007529773822118102e+01 5.282721067813164950e+01 4.439656087266501316e+01
7.351428307265867393e-03 1.414948705203808998e+01 3.414948705203737944e+01 4.571147369898205426e+01 3.742620244795284634e+01 3.375602104414178228e+01 5.012320587648948589e+01 5.840918479950075692e+01 6.841025341878645349e+01 6.326465214665239500e+01 4.820329467109780097e+01 2.944560732463873620e+01 3.377437836078205891e+01 3.995369157106068059e+01 5.330306325000765355e+01 7.270540491966266927e+01 6.317045013099352246e+01 4.422079163014586811e+01 6.317045013099352246e+01 6.200181389752312100e+01 5.358021816201088683e+01 3.772683603638496663e+01 1.880563367649413209e+01 3.307006783194698585e+01 5.333281665189434761e+01 5.946092000911703224e+01 4.935673152290413412e+01 3.755185983947737327e+01 1.666339930359442079e+01 3.431503592354439292e+01 3.396264310488496108e+01 2.139941512721299688e+01 2.173438492168999403e+01 4.138342296541438969e+01 4.908263292471482231e+01 4.115990764647322209e+01 2.354588118888277037e+01
9.944443931579059412e-03 2.000994444393122507e+01 3.463641929709034173e+01 4.292069054455254218e+01 5.292069054455271981e+01 5.375663695836362166e+01 6.204292573923599718e+01 6.697708118752591133e+01 5.879622682862256511e+01 5.513504268633248984e+01 3.620198677200134796e+01 2.543691320060938921e+01 4.420416273373182747e+01 5.898592287981656312e+01 6.715668944792216166e+01 6.800997262991296566e+01 4.706053449792911891e+01 3.304597788176202755e+01 5.472515545995879904e+01 5.358021816023390471e+01 3.375955667930166726e+01 3.567590036515237983e+01 1.670662654010479642e+01 3.567590039682041692e+01 5.344521622494515611e+01 3.911603640560942807e+01 4.661045055486789579e+01 4.391583090623298347e+01 3.388562752416560642e+01 1.354263831645723393e+01 1.398947930623507396e+01 1.443539525246934829e+01 3.356413657626396940e+01 3.440512755346259866e+01 3.828142189493399883e+01 2.056056381410735057e+01 4.115990141850583939e+01
6.062025039522273874e-03 7.077129836905028171e+00 1.463641929708964007e+01 2.463641929708981593e+01 3.877855492082126432e+01 5.877855492082196776e+01 7.253891968306815841e+01 5.310381706478339225e+01 3.971149134410739379e+01 4.672590122099190779e+01 4.111884565078881337e+01 2.225026178375059516e+01 3.313666013929501730e+01 4.639521768700848980e+01 6.560869136522951806e+01 6.188475906445265906e+01 4.070859608049343592e+01 2.521628482243562885e+01 4.706044095987790143e+01 4.369913420991141351e+01 3.354860161977195077e+01 2.025919938068564363e+01 1.460515133853186498e+01 3.362853985634804133e+01 4.457041803362944421e+01 2.471771830243229218e+01 2.625191574969966268e+01 3.264302314155483487e+01 1.292227258531263701e+01 2.405847500902504876e+01 3.383760876569787257e+01 3.395710318738444755e+01 1.506826995032843186e+01 3.070961334814127142e+01 1.800121993476914284e+01 3.182467503238483886e+01 4.331290627850712838e+01
5.865714242623007793e-03 2.000586571424226889e+01 3.180730970328140828e+01 3.887837751514735629e+01 4.716264876260955674e+01 5.870965414640227209e+01 6.634464773299782792e+01 5.800626505028615298e+01 4.672598029404160513e+01 2.779513882269753822e+01 3.820736574834867127e+01 1.914242528359168105e+01 3.261543759618849236e+01 5.081821764800830010e+01 5.557609784487795679e+01 4.708600828018661133e+01 4.102123752394130918e+01 1.947241445627866341e+01 4.102123791101406169e+01 3.415528466714219746e+01 1.807133061704529453e+01 1.164105787285180504e+01 2.863565925892435615e+01 3.047555067252983463e+01 3.114696121380177374e+01 2.020188953131735943e+01 1.190088904254562863e+01 1.230928057743610537e+01 2.562886583690567477e+01 3.214330312463610539e+01 4.499842317045223439e+01 3.447634471044437277e+01 1.923854172847426014e+01 1.570236490952533792e+01 1.615067777393619508e+01 3.653468463393704013e+01 2.776938036822170375e+01
3.580119829443586393e-03 5.777082811725725797e+00 1.180730970328105123e+01 1.887837751514665285e+01 3.042538289893937176e+01 5.042538289894007875e+01 5.800626505028615298e+01 3.845968267250302119e+01 4.003292262845560145e+01 2.086187275291691989e+01 3.145937204104638951e+01 1.598834255833723184e+01 3.262513962862398387e+01 4.686883285687478917e+01 4.400606919878302392e+01 2.844050137871978023e+01 3.528395729705477635e+01 1.439188280765525718e+01 2.900124725639660994e+01 2.856946379113290391e+01 9.228344348883261716e+00 9.619152480811838046e+00 1.002526411948932861e+01 1.173113735117054723e+01 1.104482736701307566e+01 1.137227505358798041e+01 3.157857934057460980e+01 2.035501336608244571e+01 2.496526772089162449e+01 4.083069181340688658e+01 5.241907607965501370e+01 3.134927680054061128e+01 4.390073428692436153e+01 3.787064348763213673e+01 2.725526815220947441e+01 1.680000049667808071e+01 1.726050288791526910e+01
9.038799794707020815e-03 2.000903879979435018e+01 3.180730970328140828e+01 3.887837751514735629e+01 4.716264876260955674e+01 5.376960897786322846e+01 5.154669340579291514e+01 4.418435214126715493e+01 2.475865476974014712e+01 3.145846040336143190e+01 1.127331496888134410e+01 3.145503861705105564e+01 3.641075738012160201e+01 2.380926600621782185e+01 2.653328642721742270e+01 1.823019748725538491e+01 3.323863414908802838e+01 1.065138472227700461e+01 8.323528015677707614e+00 8.686926353645185728e+00 2.815743879881553369e+01 3.236141721874945887e+01 3.075761835541026556e+01 1.056439081446066020e+01 2.879203545689236421e+01 1.698826497817375625e+01 1.373261619334197547e+01 3.402413128989871893e+01 4.088550181795584137e+01 4.904860570351810622e+01 6.255592143654785531e+01 4.743290137153244501e+01 6.254529279925499452e+01 4.733602557042706138e+01 2.687289954111550117e+01 3.719680980908890433e+01 3.764375030271951061e+01
2.154417243255324355e-03 8.946426327242491539e+00 2.049343171103521044e+01 4.049343171103591743e+01 5.376960897786322846e+01 3.280167156694950137e+01 3.047923679811066222e+01 3.971642426113978530e+01 3.071031812871757438e+01 1.272311592360869525e+01 8.138661558735048374e+00 2.886358240007334075e+01 2.755275163438772168e+01 7.563829314231064416e+00 6.445424631824393735e+00 2.242830200764145943e+01 2.711619381679583185e+01 7.818898325283464068e+00 2.403002392374324714e+01 1.715829246511717443e+01 1.125624655692960729e+01 3.116917621902640434e+01 4.161451726491013403e+01 4.714593352287865713e+01 4.360155606023133146e+01 2.759256999188934500e+01 3.406075057342419399e+01 1.621510996294962226e+01 3.661144065035987438e+01 4.755426431321172487e+01 6.183513329292504324e+01 6.904166074639897488e+01 6.255390815125097248e+01 4.147478208160274704e+01 4.737161186810588021e+01 5.533790984629234799e+01 4.291757639865418383e+01
