MOVIE_S2_data/elevation_000450.asc
nrows	100
cellsize	150.0
xllcorner	0
ncols	100
yllcorner	0
NODATA_value	-9999
[rows 68 to 84 of 100, columns 37 to 73 of 100]
1.011909241653675764e+02 9.855671739695382882e+01 1.069831059199754435e+02 9.736442087354258490e+01 7.720006819453620039e+01 6.790867059450127385e+01 8.800565164593683676e+01 9.714313200433096540e+01 8.874689831558647768e+01 6.919948181618822503e+01 8.747509323740624154e+01 7.808936030932117944e+01 8.812576914079372159e+01 1.024093379091506222e+02 1.227954177500841837e+02 1.192136928402266136e+02 1.108521477383811771e+02 9.957312548933509788e+01 9.340974906368373354e+01 1.028953356932239274e+02 1.112820486815032979e+02 1.227951106660097764e+02 1.127447634127408378e+02 9.626502441447028957e+01 7.640949198599312808e+01 7.929647117086977914e+01 8.082708160775865736e+01 1.007441698747868060e+02 1.056115547411839231e+02 9.737029861413002152e+01 8.238770658560200388e+01 8.811714383277610807e+01 6.829212848758260179e+01 5.401860299428594203e+01 7.101858854268445498e+01 5.921947688646231711e+01 7.915877377384374824e+01
8.096549387988618207e+01 7.834830401966551960e+01 9.529301845317132802e+01 9.514672585103991764e+01 7.499923133455278901e+01 6.083151551264189294e+01 8.090029585451304683e+01 8.550835432540489478e+01 6.863905416119489189e+01 6.252674016016603531e+01 6.738156402259114941e+01 7.494952379285376765e+01 8.497477239756628364e+01 9.923368329336349802e+01 1.195941223340436039e+02 1.294804160840674854e+02 1.280448386354671015e+02 1.198492452124309438e+02 1.051830848285352147e+02 1.100602404079407108e+02 1.303742651384103226e+02 1.144703760742647773e+02 9.436843588174565411e+01 8.444533197939760782e+01 9.626502441447028957e+01 9.072110300499865332e+01 1.007441698747868060e+02 9.705905592021559869e+01 1.171410466166388034e+02 1.104611504660374521e+02 1.022145997739892351e+02 9.031649627899146537e+01 7.052232267537131349e+01 5.632945377054090130e+01 7.631990189588790940e+01 7.915875593561601420e+01 6.869547065792278318e+01
8.688938403743148342e+01 6.671910327976411281e+01 8.688938469924998742e+01 9.096975373024368139e+01 7.571855905166232503e+01 5.566424467667569331e+01 7.571855905166232503e+01 7.713797481351782892e+01 5.707987912512149364e+01 7.713797481335595307e+01 8.747509323714791662e+01 9.508594510876334027e+01 1.035076892795298988e+02 1.136436780926121486e+02 1.165953852263100572e+02 1.091073934680341608e+02 1.234924451559271716e+02 1.338414284213724557e+02 1.255423751469431579e+02 1.303742651384103226e+02 1.253764594288770695e+02 1.227951106660097764e+02 1.127447634127408378e+02 9.436843588174565411e+01 1.127447628961094352e+02 1.107672367445749586e+02 1.190898224352173145e+02 1.171410466166388034e+02 1.158971796323062762e+02 1.060094675223223675e+02 9.780893591045530400e+01 9.084043075754291863e+01 7.858881807946391973e+01 5.867915888018305282e+01 7.858881807946391973e+01 9.671687968751196252e+01 8.849001567757137821e+01
7.291120591024908038e+01 6.067533157258237253e+01 8.080781596005888900e+01 8.258602803089192435e+01 6.250404836020190658e+01 5.094705076521126585e+01 6.631757732128363614e+01 6.897268201435149138e+01 5.364793195956714555e+01 7.369803978230309838e+01 8.720450964879491096e+01 9.556657162282037632e+01 1.056025877618225621e+02 1.106100834893628786e+02 9.620905150849620213e+01 9.468660875875181659e+01 1.150745136390033423e+02 1.298388108559291823e+02 1.236137676258657336e+02 1.153351433369541752e+02 1.052938272463104994e+02 1.194635515963116745e+02 1.227951108908247875e+02 1.144703760745344141e+02 1.227951108320260403e+02 1.207001506062197649e+02 1.123302637468422063e+02 1.207001506062197649e+02 1.076883422482561770e+02 8.793050649874655278e+01 7.810491450533828584e+01 7.114897517752029898e+01 6.540938046145336671e+01 6.140993797066967375e+01 8.123883085999746356e+01 8.950822963323979309e+01 9.773524740908840158e+01
5.287792937688861628e+01 6.679744936338380512e+01 7.514752511652395128e+01 8.212463153925311587e+01 6.671816703531382586e+01 4.667843268441453830e+01 4.627779137509403284e+01 4.893043253490194644e+01 5.427761057188834570e+01 5.981632985812618131e+01 6.732571314206285251e+01 7.721644751777630233e+01 9.719571780209975032e+01 1.021800704109119238e+02 8.176965344375719269e+01 1.021800704101017061e+02 1.010519915695175825e+02 1.214313554250438898e+02 1.153351433369541752e+02 9.529863411415730923e+01 9.115848956028099792e+01 1.094562000036696787e+02 1.194714215147384806e+02 1.263118985679071073e+02 1.145809387914908086e+02 1.061937619498025214e+02 9.192039474803196697e+01 1.105249703421109331e+02 1.158971796323062762e+02 1.060094675223223675e+02 9.084154505139665048e+01 7.938180588122786219e+01 8.515641784222052024e+01 6.591355806830310371e+01 6.628936590408402196e+01 6.980684857151256040e+01 8.950832313062237233e+01
5.352460456152512336e+01 4.675361967871872793e+01 6.153368180846782565e+01 6.790934634564976591e+01 5.369406085314325594e+01 4.258238413669622702e+01 6.257468985719481935e+01 6.305096337822612185e+01 6.530999356146183743e+01 7.968897478000774015e+01 7.384693604276399981e+01 9.379443502293595714e+01 1.056025877618225621e+02 9.602609814710260139e+01 7.555159190554576298e+01 8.436451546018489012e+01 9.816422899920235068e+01 1.065991305264811331e+02 1.148659081476430970e+02 9.487965267063374597e+01 8.128424728660395715e+01 9.121359897640232361e+01 1.111917209769223973e+02 1.179644326985241207e+02 9.757703292257325245e+01 8.585525970329160828e+01 8.182181504814326445e+01 1.021253292474370369e+02 1.172146874671936700e+02 1.187974670438632359e+02 1.072929988725116459e+02 9.331055679195085872e+01 9.017225941239388476e+01 7.047082942497578983e+01 8.602556100918397419e+01 8.950832313062237233e+01 7.515971927844991285e+01
7.328143161342964618e+01 6.153068389134647020e+01 4.146294413491608566e+01 5.659264440939032426e+01 3.948207174492502958e+01 5.957079486671440094e+01 7.097050227383792276e+01 8.279541401384892652e+01 8.557522812010637381e+01 9.407666877560582464e+01 9.379443502293595714e+01 1.021757476838723164e+02 1.012283893324879500e+02 9.034749183169289211e+01 6.978903322762319306e+01 8.367744708884444549e+01 7.767682555438558722e+01 9.816422900426411502e+01 1.089990427863201177e+02 8.903120979227989551e+01 7.506454793965872341e+01 8.903120979227989551e+01 1.089990427863201177e+02 1.148233661205749456e+02 1.064458357489790643e+02 9.445132220286555480e+01 7.429488128303020744e+01 8.849277135522170568e+01 1.037005855118476205e+02 1.120815912188747205e+02 1.212754409530725042e+02 1.063526702727643709e+02 8.653579505451682508e+01 7.572369025056300984e+01 9.544227208120231865e+01 1.031161407338285585e+02 8.496797025000815040e+01
7.381711166246273592e+01 6.987470088491969022e+01 5.659263518075967170e+01 3.634222917497871208e+01 5.659264440939032426e+01 6.347452935223553538e+01 6.819920928160433959e+01 7.398785785934157389e+01 8.108465097264817700e+01 8.946686569397016342e+01 9.955377227107697991e+01 1.072336269370128292e+02 8.679873073706303899e+01 7.224620725510234820e+01 7.826157964384353249e+01 6.305443828124666794e+01 7.767682555438680936e+01 9.816422902123562721e+01 1.061519600483749315e+02 9.044886055466132291e+01 7.064787089289272615e+01 8.461456351591294833e+01 1.045340995925209029e+02 1.031164650569143220e+02 8.614743204536064525e+01 8.956266720586538099e+01 6.948080041680142926e+01 8.716288032705932665e+01 8.344611590219216168e+01 9.990981914694246768e+01 1.083089464854029700e+02 1.146099840861466248e+02 1.011504890826255121e+02 8.137664534843818842e+01 1.011504890826255121e+02 1.130417047545109028e+02 9.894246844961293164e+01
5.371750754872684297e+01 5.960290977532725520e+01 5.244676109656558083e+01 3.431715102363069292e+01 3.890953796909319351e+01 4.340968351581037155e+01 4.815408999685647728e+01 5.393539099819383864e+01 6.101188863716865995e+01 7.102369210369226948e+01 9.114560984160402768e+01 1.023972428326593871e+02 9.395387451199798079e+01 7.826157964800280809e+01 5.769697871908457643e+01 7.826157964461025074e+01 8.367744708099068873e+01 1.041358813968801940e+02 9.787484370249504195e+01 7.801195656227781683e+01 6.658313235030328769e+01 8.640700046520750277e+01 1.024569965720246643e+02 9.472654690657526544e+01 7.455318670296669836e+01 8.307945196256251563e+01 6.489322304761272164e+01 6.708272020052459084e+01 7.261237774824429891e+01 7.965116740934934114e+01 9.129612904986467470e+01 1.116763386398772866e+02 1.077660370197970536e+02 8.791939320828274163e+01 1.077660370197970536e+02 1.271409410594089735e+02 1.146881418667037877e+02
5.371744491383261533e+01 3.936840494252885492e+01 3.161147030905387822e+01 5.043822661656104600e+01 5.866197235204919735e+01 6.347452935223553538e+01 6.819920928160433959e+01 6.451053591579317015e+01 7.398785802667858036e+01 8.946686569397016342e+01 9.955377227106615123e+01 9.395387451199798079e+01 7.343680404155354324e+01 7.488078008095874338e+01 5.443278076510131314e+01 6.886358032939008922e+01 8.940758533441096745e+01 1.023528050757418839e+02 9.750574672530075304e+01 8.272580057163389711e+01 6.283628252803598713e+01 7.433606085344310088e+01 9.418639815782167091e+01 9.615281579177812432e+01 7.597052984179343582e+01 6.297238380847080919e+01 6.034950219985387321e+01 8.046949361821457103e+01 9.274730413626819825e+01 8.901925499462367952e+01 9.990981914694246768e+01 1.200460543333495167e+02 1.160341207831724120e+02 9.779780963264684601e+01 1.160341207831724120e+02 1.310152461892393205e+02 1.110187089055385457e+02
6.537069219417384147e+01 5.489701649969968145e+01 2.985637269567444463e+01 3.208306940497534043e+01 5.045250633335733426e+01 5.718799645517484009e+01 7.724526290205290024e+01 8.461192358725888596e+01 9.300184720330960886e+01 1.025487713784914945e+02 1.065010574972915833e+02 9.395387451199798079e+01 7.343680404155354324e+01 5.891832374609074918e+01 5.137112610518541800e+01 7.168733910477597249e+01 7.340247358668013078e+01 9.390818644179172736e+01 8.924289043270573529e+01 6.938666230327636697e+01 5.931244859248634071e+01 7.484211969294659639e+01 8.309715467338078554e+01 8.036274435101051949e+01 7.199355963577964701e+01 5.569187045142419379e+01 7.597052138065720328e+01 8.861396308252392373e+01 9.869366313333777896e+01 1.093352205526066854e+02 1.177078967654602764e+02 1.285862336180131251e+02 1.260078905351699774e+02 1.177342644069471902e+02 1.260078905351699774e+02 1.263431763712239899e+02 1.310152461892393205e+02
5.160351310827453375e+01 3.810379615895742234e+01 2.826523728812714609e+01 4.811859239838789648e+01 3.754595622698551693e+01 5.718799645517484009e+01 7.202720079503428963e+01 8.039152448227333991e+01 9.045641292660243948e+01 1.004642253622683512e+02 8.588888954142824161e+01 9.189763384380250955e+01 8.352404501911642853e+01 6.881416606430825311e+01 4.860320339739632090e+01 5.670928747549090332e+01 7.115628037423851993e+01 9.167250007146492408e+01 9.750574672530075304e+01 8.756398276968549510e+01 7.484209169466532785e+01 5.462314727413291138e+01 7.057958601544746102e+01 6.875153873172757812e+01 5.148919822494523402e+01 5.577298683862014883e+01 6.012163646453966948e+01 7.018477469802007818e+01 8.436668843023637976e+01 1.046397283422092102e+02 1.164040033394450688e+02 1.247573962576586268e+02 1.237120258079752517e+02 1.153212937049921720e+02 1.133840703376399119e+02 1.058530306183458407e+02 1.202642631198950482e+02
5.030183689227892074e+01 4.475047058189662863e+01 2.684559512662705316e+01 4.676236925539067357e+01 5.718799645517484009e+01 4.536202272714466943e+01 5.198574100072283244e+01 6.198860944313199184e+01 8.206579214693658741e+01 9.026586954187443723e+01 7.161886976843491937e+01 8.352404292340081327e+01 6.310896426351018818e+01 6.615735623566317258e+01 4.601169080224764230e+01 6.017618409736525820e+01 8.060743827679503681e+01 8.780833490601024494e+01 9.601856058670439609e+01 9.658060596785166751e+01 8.309697771935462640e+01 7.057958510851246103e+01 5.009515482017420140e+01 4.805001054705206798e+01 6.875153873172757812e+01 7.604826658470888390e+01 8.024464952162684028e+01 6.726208773898706283e+01 8.734503815938978732e+01 1.020001843222891296e+02 9.603392713541559544e+01 1.164040033394450688e+02 1.118887574295878693e+02 9.475105118892696510e+01 9.281292175291889635e+01 9.127374568979972480e+01 1.118544553618631312e+02
3.035657902604756586e+01 2.487826700205057762e+01 4.475034603917977449e+01 4.089947165173811072e+01 6.091668142172415656e+01 5.946754844813720098e+01 7.202720079503428963e+01 8.039152448227333991e+01 9.045641292659469457e+01 8.177246202322825752e+01 6.176996597159715918e+01 8.037704973141765663e+01 6.004048821552687798e+01 4.885180783749625277e+01 4.347225084730115441e+01 6.360902441225538695e+01 7.445885051444422231e+01 6.892931302876959876e+01 8.780833490601024494e+01 8.830561917579905185e+01 6.817137149564440790e+01 7.161103391778293314e+01 6.541438288497251108e+01 4.567566941422101223e+01 5.520371215764345152e+01 6.706499903858735934e+01 8.726404814279771927e+01 8.141503403814390083e+01 7.540199595979994740e+01 8.171206753011803414e+01 9.603392713541559544e+01 1.164040033394450688e+02 1.034450586510459829e+02 8.292070756097767514e+01 7.835247361689607715e+01 9.159531902425274552e+01 1.121000921970879460e+02
2.293972241674002532e+01 3.690996561185897917e+01 5.306481056779344385e+01 6.091667243102524765e+01 6.926515913131584057e+01 7.954035365787773060e+01 8.464089888036600939e+01 9.293718305032648175e+01 8.777888450238265250e+01 6.761389385192767065e+01 5.440180107316548686e+01 7.421222921566842956e+01 6.004329317049224102e+01 3.989225517454850944e+01 6.004329308757656491e+01 6.531228408944326702e+01 5.616571766444231173e+01 6.892931302876959876e+01 8.780833490601024494e+01 8.611983316229104446e+01 6.596466285339735691e+01 5.135566984898098752e+01 6.124927866091874051e+01 4.385372057979160587e+01 6.474502730166297226e+01 8.398818852323942963e+01 9.566369511783395296e+01 1.016613345338299723e+02 9.558451847241212818e+01 1.020001843222891296e+02 1.103956616964762532e+02 1.179734656395701791e+02 9.742719543672328086e+01 8.292070756097767514e+01 7.120030598247312525e+01 8.558269768490748675e+01 1.061110710071136936e+02
4.083326082943664659e+01 5.107212433906968840e+01 6.523428306628053974e+01 7.660094763437555798e+01 6.836538817988093797e+01 7.660053635850464104e+01 6.470698854474082395e+01 8.141247721102978119e+01 8.709388952719586996e+01 6.761160376114820281e+01 4.787562337816675750e+01 6.761160376114820281e+01 5.770078282504231026e+01 3.751075416377233296e+01 5.704636497400900197e+01 4.697670154114938867e+01 5.616571766444230462e+01 6.892931302876959876e+01 8.780833490601024494e+01 9.198351503419243613e+01 7.186651888003585498e+01 6.217919708436560455e+01 4.131983668375104202e+01 6.217917144964481935e+01 7.308307841752166212e+01 8.285117103804981298e+01 9.286463544960909644e+01 9.995949386580396379e+01 9.123525403240564913e+01 9.995949386578404017e+01 1.003891021645881523e+02 1.090858452029499830e+02 1.035099294976472208e+02 8.724708763366332676e+01 6.689605998965339495e+01 8.124624342446244896e+01 1.017344071092039997e+02
3.366946447512646046e+01 5.378119207745693586e+01 6.128785545988237260e+01 6.661675837861686489e+01 4.836185586426609007e+01 6.661665383482976210e+01 5.325109908042357887e+01 7.250711289400767612e+01 6.701051038405624638e+01 6.233664100327384006e+01 4.256023359455531363e+01 6.233681792700612334e+01 5.621463600765878965e+01 3.517993287702852001e+01 3.962059320230025605e+01 5.061575882756049793e+01 6.894850054974708087e+01 8.247393680773704716e+01 8.849361701123388002e+01 7.683028972668407164e+01 6.848573801394445582e+01 6.049796118231596864e+01 3.961447118575521387e+01 4.672733421354983108e+01 5.423566185552063246e+01 6.454228109527429069e+01 8.459112342896594328e+01 8.946673316347403215e+01 7.028148488188028864e+01 8.946673316347403215e+01 7.929010994421543046e+01 9.692178722045662198e+01 9.505346263362832815e+01 7.461952414398712108e+01 6.294842494636374397e+01 7.801254936061302203e+01 8.646334319324812157e+01
