MOVIE_S2_data/elevation_000126.asc
nrows	100
cellsize	150.0
xllcorner	0
ncols	100
yllcorner	0
NODATA_value	-9999
[rows 17 to 33 of 100, columns 0 to 36 of 100]
9.533491951124807226e-03 2.000953349195076925e+01 2.338801602784685230e+01 1.924513750946312385e+01 2.684377843064508795e+01 1.493608596833327340e+01 3.487223162949808852e+01 4.194152148912893807e+01 3.608265128455447268e+01 5.608608565023816084e+01 6.090524984238620476e+01 6.918793195649287497e+01 7.270528508659357669e+01 7.488099794424988431e+01 6.861582658072890695e+01 5.187785434568248633e+01 6.861582658072890695e+01 7.604389661150229074e+01 5.607227247770163814e+01 4.188355399291700110e+01 3.554347846456977322e+01 4.711762507442754355e+01 6.714964438158293092e+01 6.881005421324901761e+01 4.847587608458071173e+01 3.691227740649169675e+01 5.708007560979202566e+01 7.144334165661817337e+01 7.093581773963096282e+01 7.954799494801055459e+01 8.610950022042709406e+01 7.704357671754897297e+01 6.575918410891739541e+01 4.531530638497407182e+01 3.357316808309036560e+01 5.092076854098979055e+01 3.864629313468343241e+01
1.329665511360111864e-03 1.691638174968391528e+00 3.388016034328329873e+00 5.103001885753410960e+00 6.843778445310382708e+00 8.611545398276765795e+00 2.861239014656574398e+01 2.193959174546300162e+01 4.194152154596336857e+01 4.676260214558812578e+01 4.090452566354999675e+01 6.090524984238620476e+01 5.275850576662405444e+01 5.494188716543891360e+01 7.488099794424988431e+01 7.188925276660523878e+01 8.016331928868527257e+01 7.604389661150229074e+01 5.607227247770163814e+01 6.044563577957066514e+01 4.040122754264669425e+01 6.044563577957066514e+01 7.534388903275147698e+01 7.705610229287582058e+01 6.181685852494761946e+01 4.158922526465727287e+01 4.277605783927791805e+01 5.707684771674855995e+01 7.748233895689671158e+01 9.206812160880704710e+01 7.192775836051993110e+01 5.744053285864310254e+01 4.823811037855953998e+01 4.051637042205628347e+01 3.600301769836939769e+01 5.642936933792520193e+01 5.893224720488922941e+01
4.760174870478865901e-03 7.075827986735924391e+00 2.338801602784684874e+01 2.510300187544310546e+01 2.098591406901044820e+01 2.861239014656574398e+01 1.124906729186001897e+01 3.125004035894783172e+01 3.606675347418629229e+01 2.675250203255689030e+01 4.676260214688937111e+01 4.918148766136226158e+01 3.861944111064672569e+01 5.016661266556689469e+01 6.429110753416870239e+01 8.419926537515866016e+01 8.613665490401616864e+01 8.419886859677113478e+01 7.604389661150229074e+01 6.580478161582455243e+01 4.575269429533091170e+01 6.580478161582455243e+01 8.111932131654185696e+01 6.064058219846635467e+01 4.892158869744345395e+01 6.185626341929462768e+01 4.779098506171521876e+01 5.930828144056700069e+01 7.374148650081033907e+01 9.400974376018896805e+01 8.610950022019316918e+01 7.061385594217185258e+01 5.016080686513625864e+01 5.894564550802091674e+01 3.847262536260494414e+01 5.894564550817235471e+01 7.573877254872573417e+01
4.522672674103187483e-03 2.000452267267374751e+01 1.776627766323271018e+01 3.776627766323199609e+01 4.098591401904551645e+01 3.901744915897076282e+01 2.695188948859241052e+01 1.402261481685768985e+01 1.605342024305951298e+01 3.606675373688753439e+01 4.134291119623924260e+01 2.918205231634109964e+01 4.333246266263916624e+01 6.330228313993886502e+01 7.240921384967167285e+01 6.981548798154561553e+01 6.614738942059449300e+01 8.613665490401616864e+01 7.992183951605100845e+01 5.995730477274442194e+01 5.334006296488704635e+01 7.337865988377181736e+01 8.945610342575228913e+01 7.546250539851247652e+01 5.501024137392495561e+01 7.402956337632912209e+01 5.361346039962920429e+01 6.439296041278765870e+01 8.479030073355234265e+01 9.394568032131290636e+01 7.384154989823592530e+01 6.203078037260398503e+01 7.061385594217183836e+01 6.153756208512370307e+01 4.109989991124334097e+01 4.232585024720917488e+01 7.083346387963831603e+01
8.979627706787422434e-03 2.000897962770643090e+01 3.776627766323199609e+01 3.190841328696341250e+01 5.190841328696269841e+01 4.824277830547848822e+01 2.856175498181440275e+01 2.817432298605291763e+01 3.606675366968024576e+01 1.910418793107685076e+01 2.132753998113899740e+01 4.124958527096381999e+01 4.754281592395800971e+01 5.272908279226896155e+01 5.241984455750689165e+01 4.982607544311427716e+01 6.981548798154561553e+01 8.809144762511922977e+01 8.805893345217097590e+01 7.992183951605100845e+01 6.340581725297425919e+01 8.154671907562912736e+01 8.572263853356345464e+01 6.520237222890000339e+01 7.546250539851247652e+01 8.127183957552526294e+01 6.078758912881530563e+01 7.402956337632913630e+01 9.306038428244717409e+01 1.021628167849552966e+02 9.060070859440271818e+01 8.233855521105236619e+01 6.540909592789844851e+01 4.492286594759554674e+01 6.153756208512388781e+01 6.809532798218056371e+01 7.981565951093415379e+01
6.790954771729373202e-03 1.414892657850280422e+01 3.414892657850350588e+01 5.190841328696269841e+01 6.019268453421727116e+01 5.686595010440392173e+01 4.866740270364189058e+01 4.818292763590103078e+01 3.544803418613623336e+01 3.911898106759345950e+01 3.288722086812258993e+01 2.492341498599241234e+01 2.755332452236724450e+01 3.272606741606968228e+01 3.827996567880321521e+01 4.827988115764252797e+01 5.982083242114902077e+01 7.981014354194236660e+01 9.328293121888148676e+01 9.146834876720726015e+01 8.335150443353819583e+01 9.146838119287650670e+01 9.403078058837665765e+01 7.549184542116167052e+01 9.403078058837648712e+01 8.957945502461403464e+01 7.103843460053060710e+01 8.957945502461403464e+01 1.025448195784697845e+02 1.024248874810641183e+02 9.422015104022158027e+01 8.302343839943905834e+01 6.915283167795567465e+01 4.864754932096082740e+01 5.083367905835395106e+01 7.132419973632484300e+01 8.590888708277879005e+01
6.689336105942520969e-03 2.000668933610558753e+01 2.890757041370224201e+01 4.949474466698759301e+01 5.572815950481573566e+01 5.572815950481573566e+01 6.398111802666092984e+01 6.373575899077045648e+01 5.545282153146796844e+01 5.286154654221216731e+01 4.493379244108702153e+01 4.499350449409219266e+01 3.756540648589175646e+01 3.221128423706122135e+01 5.221512488388665219e+01 6.139974316792567777e+01 6.586918257247040742e+01 6.501135176857816589e+01 7.663709100762274318e+01 8.330096458224015521e+01 9.158200462259337371e+01 1.015770192398369147e+02 1.041700609109591795e+02 9.595343170385967824e+01 1.041700609109591085e+02 9.971987581204761852e+01 9.150524455051991879e+01 9.971987581204761852e+01 1.082610150905527320e+02 8.840423472313763398e+01 7.412695445674307848e+01 7.472408836613598737e+01 5.425398736655382947e+01 6.915283167795567465e+01 7.132419973632488563e+01 5.720226675904105917e+01 6.643301994072280081e+01
7.711933663051398317e-03 8.246568287852840129e+00 2.415292538047376425e+01 4.721658422586882864e+01 3.601865651539182522e+01 3.601865651539182522e+01 5.572815950481573566e+01 6.505979780315176697e+01 7.334480005009956471e+01 7.273210492008014683e+01 6.491451649049939476e+01 5.756324637518606124e+01 5.756324637518606124e+01 4.635970457601644057e+01 3.714193700669999032e+01 4.140924623206620936e+01 4.588124174173325542e+01 5.087786194538885098e+01 5.664644748107202332e+01 6.330933945152983711e+01 7.330684878419042150e+01 9.329508584612109701e+01 1.018718121694157333e+02 9.357504995195375841e+01 1.018718121694157333e+02 1.088569656313733702e+02 1.005645338098265569e+02 1.088569656313733702e+02 1.056447451742491097e+02 8.576022382335763439e+01 7.143993012313595159e+01 6.114807455625997790e+01 6.349486015856144405e+01 8.302342977635751708e+01 8.306155872151792607e+01 6.272951674852626525e+01 8.306155872151792607e+01
5.464868864810172588e-03 1.978130137967055191e+01 3.608176776439150757e+01 3.272012271140545181e+01 2.219807145675463644e+01 3.601865651539182522e+01 5.572815950481573566e+01 4.505232908020875726e+01 6.179444714364319680e+01 6.675878111100082890e+01 7.504371234210034913e+01 7.755354215944910834e+01 7.463209023706838252e+01 6.541815167848965018e+01 4.608780260429924880e+01 5.128298584478370259e+01 6.001440852078457766e+01 7.086628937748798762e+01 7.663709100762274318e+01 8.330096731515581610e+01 9.158200462259337371e+01 1.015770192398370142e+02 9.184807847079081000e+01 7.352041188499244129e+01 9.184807847079081000e+01 9.883671322589832187e+01 8.051541193092428728e+01 9.883671322589832187e+01 1.081110668107752417e+02 9.979453314553657606e+01 8.151215809596941142e+01 6.956783977700044375e+01 7.532764479939251601e+01 9.205491069276325788e+01 8.915149695226564575e+01 6.895345684443468315e+01 8.915149695226564575e+01
5.889614652278742785e-03 2.000588961465192384e+01 2.335626351395951517e+01 1.290735503806398654e+01 3.272012271140545181e+01 3.686312219644729282e+01 4.085966683530774901e+01 3.350895014733485766e+01 5.042160360418154141e+01 4.674990674650988609e+01 6.312549518110930791e+01 7.141082413990129396e+01 8.141426267958391350e+01 6.607735415590394723e+01 6.022264530633650992e+01 6.541772018709384895e+01 7.955328001162605744e+01 8.828518284442480990e+01 8.610548565509094487e+01 7.781077319645842749e+01 8.610548565509094487e+01 9.548883816143690240e+01 8.354773091847312116e+01 6.350612506004402036e+01 8.354773091847312116e+01 9.053997287037540787e+01 7.048517633013526051e+01 7.977084501571263786e+01 9.981780963312590416e+01 1.097113448668423956e+02 9.796780024562032452e+01 7.976977691505469181e+01 9.539409534837859894e+01 1.035950171175612411e+02 9.736814339843517985e+01 8.071999849030699181e+01 8.331832895537235117e+01
6.299055471926359555e-03 2.379860712988440152e+00 4.770299937606266028e+00 2.475452094397341085e+01 3.142536735256699032e+01 1.688353512566564874e+01 2.087694364100562794e+01 2.558162100519628979e+01 3.042317817701657390e+01 3.644617372653021903e+01 4.311182657004898289e+01 5.312026577321449849e+01 7.313072458900411732e+01 8.606693478431496658e+01 8.021187166427532134e+01 8.540690541693899718e+01 8.536643839259517108e+01 7.707326196292775933e+01 7.609891975525611940e+01 5.780264323843772445e+01 7.609891975525611940e+01 8.719045441934220264e+01 6.715732736990693752e+01 5.685560713773418229e+01 7.686719563233017993e+01 7.558942781460815752e+01 6.341012038013225549e+01 8.344953155591524308e+01 9.457819918915714652e+01 1.146099124954433393e+02 1.079206770976228711e+02 9.973502406205021487e+01 1.079206684431779593e+02 1.076524242664925737e+02 1.088536644178320074e+02 1.006691380432704221e+02 1.032340102419658194e+02
4.664899311792800908e-03 2.000466489931143599e+01 2.475452094397341085e+01 8.618774731360524299e+00 1.144621173648194201e+01 1.615550901489209679e+01 2.114713006469072809e+01 4.113022309354504813e+01 5.042160360418154141e+01 5.645427231075586860e+01 6.312549518110930791e+01 7.141082413990129396e+01 8.141426267958391350e+01 8.634265710151167639e+01 7.809931897447192739e+01 7.882471549048069903e+01 7.057754506716950971e+01 5.707062525984687085e+01 6.074117704795859396e+01 4.782236756857698623e+01 6.780670821736910625e+01 8.468366094276245803e+01 7.083120713833061188e+01 5.085349764974748865e+01 6.926351052048443080e+01 5.558511709142194945e+01 6.451092563090188037e+01 7.452598233250091653e+01 9.457822804632967006e+01 1.036377277299060751e+02 1.152034000174338644e+02 1.135664041786178302e+02 9.349134524729453233e+01 8.762563531786764770e+01 9.645718524421059215e+01 1.048016122673872843e+02 1.066247410173518944e+02
3.445177533103992596e-03 2.000344517753275042e+01 3.688162283264537677e+01 2.274575671677946787e+01 2.297795610518414833e+01 3.613442539413096455e+01 4.113022309354504813e+01 2.897773187785719529e+01 4.311299689359516663e+01 6.312037568188804926e+01 7.795680187011028295e+01 8.631828318533864319e+01 7.807385306818589754e+01 7.485707931197867993e+01 5.820885211611218324e+01 7.057742075381844415e+01 5.076873017971478674e+01 5.657022061336371621e+01 4.075742007595598437e+01 4.075742007595598437e+01 6.074117682185615053e+01 7.061172769147866290e+01 5.647773533516971156e+01 4.587397712470823308e+01 4.929165006052373599e+01 5.503595880976108390e+01 6.104462182288564520e+01 6.770821865606750123e+01 7.528609999539708042e+01 8.687340438074303961e+01 1.069131032120239553e+02 9.740103139647312958e+01 8.908882262517367678e+01 7.368809512467622369e+01 7.660307715663158490e+01 9.247173343748396235e+01 8.660936574953335310e+01
6.170631355331793709e-03 1.414769413016338717e+01 3.412549879834597277e+01 4.273312531383025004e+01 4.296471184911027308e+01 5.124856458317960062e+01 5.725925298813142206e+01 4.311299689359516663e+01 3.966008251474141844e+01 4.966260036824328949e+01 6.967212875319243892e+01 7.807385306818589754e+01 5.818222088407701165e+01 6.400834506193390894e+01 4.669587589562567587e+01 6.594878712871195603e+01 5.656309421481937250e+01 3.667374628368349221e+01 3.180635145722541424e+01 5.180416911116249423e+01 5.683149374823627653e+01 5.896129201266322184e+01 4.236922229146347263e+01 6.233635289695948956e+01 5.340221484379829775e+01 7.339488009655077860e+01 8.107761614774778991e+01 8.776231489359724947e+01 9.534317769730483860e+01 1.036377277299060751e+02 1.031943960649803529e+02 8.324610280135588880e+01 6.941580944050684820e+01 6.506720006320659877e+01 6.541686383151592565e+01 7.268859672459171861e+01 9.247173343748396235e+01
2.708283848820350944e-03 2.000270828384846666e+01 3.161082706995449954e+01 4.556855048614424675e+01 4.675519690104412263e+01 5.499043776386183424e+01 5.942196525982448918e+01 6.312037568188804926e+01 5.966736456071793526e+01 6.795329099499582526e+01 7.795680187011028295e+01 7.807385306818589754e+01 5.818222088407701165e+01 4.408238222571751663e+01 3.775873590153572223e+01 5.086488005226941311e+01 4.652641646493766103e+01 2.911135903929132596e+01 4.910812617961062188e+01 3.474337773957410747e+01 3.684509972332109129e+01 3.898320824415907992e+01 4.530604356243404141e+01 6.527650718799938545e+01 7.339488009655309497e+01 6.190592318404672767e+01 8.193553547337181442e+01 1.002557547088120629e+02 1.102744703320557988e+02 1.028200002941633926e+02 9.449062061562187864e+01 9.449062061562187864e+01 7.664651660475973927e+01 5.732592952863163305e+01 7.664651660475973927e+01 8.296308071520296323e+01 8.688306505227598109e+01
1.252954368065604170e-03 3.203816030469801568e+00 2.321127422059296563e+01 2.559443682616295845e+01 2.677970687809327544e+01 3.948345796126877616e+01 3.948345796126877616e+01 5.320327454848329296e+01 6.142899140705691252e+01 7.138060916559771840e+01 8.246107426706538490e+01 7.419437929614407778e+01 7.225025203470767110e+01 6.400834506193390894e+01 5.086488005255043987e+01 3.089410553453190644e+01 2.653655873596057191e+01 4.652191565388488925e+01 5.731865547167668495e+01 5.473615644262298474e+01 5.683149374823627653e+01 4.714056404914274623e+01 6.527650665468790692e+01 5.596562810380968500e+01 7.596848272221879483e+01 8.193553547337181442e+01 7.191118723205221386e+01 8.193726332170454896e+01 1.019825041076801568e+02 9.449062061562187864e+01 7.471381419949915426e+01 7.471381419949915426e+01 7.278239920479346381e+01 5.355367279263550984e+01 6.754900276704839257e+01 6.346659416166934875e+01 6.728305356207947341e+01
3.452158733728009216e-03 1.995754025669551623e+01 7.917861238290635484e+00 1.145339514395512381e+01 1.523303987261992631e+01 1.949705418642106380e+01 2.616371710351576141e+01 3.323473133499232546e+01 4.323318356223491321e+01 6.317336553473173666e+01 7.419437929614407778e+01 5.449725823160498095e+01 6.026641142155608577e+01 6.847916624933507990e+01 5.911330039590335161e+01 4.486305890060346258e+01 2.487711237192187852e+01 4.481080716063599567e+01 4.764295021960455756e+01 6.741606826195372548e+01 7.526874392187353635e+01 6.713010777280886998e+01 6.344885787602582639e+01 7.596848272221879483e+01 7.010022554477693291e+01 9.013570878749203530e+01 9.195988371469228184e+01 1.002557547136026130e+02 1.102744703320557988e+02 9.449062061562187864e+01 7.471381419949915426e+01 6.105683618035682514e+01 7.221302459839209575e+01 6.754900276704839257e+01 4.838464391791208641e+01 4.999323959955249563e+01 5.378983135015244699e+01
