MOVIE_S2_data/elevation_000477.asc
nrows	100
cellsize	150.0
xllcorner	0
ncols	100
yllcorner	0
NODATA_value	-9999
[rows 68 to 84 of 100, columns 0 to 36 of 100]
7.311399400410928048e-03 1.349623510053173048e+00 2.694969102183246257e+00 1.604694766502881720e+01 6.575431786904922582e+00 7.961766164263988976e+00 2.741468629189623840e+01 3.083743551571527419e+01 2.913119805720121036e+01 3.638578254220406194e+01 2.137878864850411276e+01 3.444013721477382006e+01 5.503543786044917141e+01 6.873550656240323065e+01 6.044279771796862377e+01 5.265985398107486049e+01 3.992593143067809791e+01 5.998403947065625630e+01 7.681070935069510597e+01 7.746168905654168668e+01 9.748732887569209993e+01 9.648714574211649619e+01 9.648714574211649619e+01 9.543512322108634294e+01 1.036923328439625607e+02 1.121177146792631731e+02 1.132010465536094870e+02 1.015385116676390851e+02 9.319268968971658751e+01 8.285603728196420548e+01 9.977295772905910098e+01 1.005518901746532521e+02 9.413969039585830956e+01 7.992956160124757048e+01 7.992956160124757048e+01 9.996310674548504949e+01 1.088752455072936982e+02
8.304378570984571536e-03 2.000830413502936267e+01 2.269493056748338589e+01 2.096039291917816882e+01 2.605444238453460315e+01 1.256029284774662536e+01 3.130916628922675571e+01 4.826143650066264712e+01 4.467171730463589086e+01 4.377717722843159009e+01 2.415160693242338041e+01 4.375237831514412079e+01 5.350403468423218101e+01 6.171608813383599568e+01 7.755097243899238890e+01 6.827625648964533411e+01 5.998403947065625630e+01 4.850513142325124960e+01 5.746125879307623308e+01 7.746168905654168668e+01 9.616575843377874833e+01 9.427012970270816083e+01 8.600260169663306442e+01 7.542572342019930431e+01 8.388269085972132189e+01 1.036923328439625607e+02 1.087805999145186462e+02 1.003912762585301977e+02 1.087805935500542347e+02 1.031241547211640039e+02 1.114438888534970857e+02 1.016511002356668030e+02 8.579725112278782717e+01 6.598082611082415383e+01 7.919177611879999290e+01 9.919350839502062911e+01 1.005896454511651683e+02
8.037589590134858880e-03 1.415017321350725510e+01 3.415017379746280568e+01 3.930274715774341843e+01 3.961291853202985891e+01 2.292776287203103536e+01 2.011677673300989611e+01 3.595529662308560148e+01 5.863923018127523790e+01 5.207031387550305368e+01 4.374088947243184577e+01 2.860078209095347646e+01 3.322179575268005181e+01 5.350403468423218101e+01 5.775446689378441079e+01 7.755097243899238890e+01 7.681070935069510597e+01 6.265736383835075429e+01 7.681070935069510597e+01 8.575935221825184840e+01 7.613752730530725898e+01 8.268036550410553787e+01 6.588112117695524717e+01 6.373602077331349847e+01 7.542572342019930431e+01 9.543512322108634294e+01 9.872845870563729420e+01 8.034888147986396234e+01 9.192196759195900313e+01 1.002847721196866502e+02 1.015546421564362163e+02 9.000579573501208586e+01 7.335406463174361136e+01 5.949511115466736300e+01 7.919177611879997869e+01 9.369646003571475035e+01 1.037260156766488564e+02
8.866319943247203544e-03 2.000886631994289289e+01 3.584779988373951909e+01 4.584780231319504651e+01 5.112397951206221336e+01 4.275837638768233262e+01 3.132065677732783371e+01 3.398974071377283934e+01 5.446172091397730952e+01 6.493891076911529581e+01 4.502678554028704383e+01 3.457426211207327071e+01 5.350403468423218101e+01 4.128900342187882444e+01 5.145585261418529655e+01 6.298203040520589013e+01 8.270640987813554545e+01 8.266418035755420135e+01 8.501760891225808336e+01 7.672007610659572663e+01 6.181109762175829303e+01 6.696757567025856872e+01 5.407074798383223424e+01 7.438545950210317415e+01 8.984226549625400082e+01 9.810610467748784913e+01 9.037007879097428997e+01 7.048197482380619761e+01 7.201041401180870594e+01 8.874181375818245954e+01 9.319166248057689472e+01 7.326586130617890547e+01 6.194713787452742793e+01 5.449203163457636379e+01 6.556989892577426815e+01 8.536625106671017704e+01 8.376641417570898795e+01
4.238120735784241429e-03 7.563527580920361260e+00 1.756352758092053890e+01 3.170566320469637134e+01 5.170566345971719358e+01 6.018857780495445553e+01 5.182266673682243407e+01 5.446171559763748604e+01 6.281894278171379398e+01 7.297330658818634674e+01 6.081790798400879794e+01 4.106764708169622935e+01 6.087252018616235461e+01 6.138719334701324470e+01 5.558298529988408632e+01 7.539979113322777948e+01 9.081996540927968908e+01 8.785576599754524807e+01 7.623356381289835326e+01 5.643757969227409177e+01 4.997349576778360358e+01 4.654331056987270898e+01 6.696757567025856872e+01 7.564354487970527430e+01 6.976224223198428831e+01 8.984226549625400082e+01 9.872845870554857584e+01 8.042602677247553800e+01 6.070513368670277288e+01 7.345363814472949571e+01 7.891381400945374480e+01 8.721909619947101078e+01 6.920259722891474041e+01 4.964356851378285285e+01 6.341393781732609369e+01 8.317765728833083472e+01 8.376641417570898795e+01
1.555317930585579152e-03 2.000155531793022945e+01 3.584780190231356301e+01 4.217694353614614755e+01 4.506135200283313935e+01 4.859326118228765523e+01 5.230801263226926068e+01 5.369870498282335092e+01 6.203465264081263086e+01 6.629219737579936123e+01 6.888254533768979115e+01 5.518391915844146212e+01 5.496425909677370214e+01 7.330737198766863116e+01 7.539979113322780790e+01 8.352885531035950351e+01 8.246623335298235702e+01 7.958848978624700976e+01 5.936561342280720766e+01 4.753245621554322753e+01 3.970434051397370467e+01 4.343735780250230505e+01 4.913812922072475686e+01 5.535269777655480539e+01 6.714699954229135415e+01 8.725004165501896125e+01 1.004431493619866842e+02 8.042602677247552379e+01 7.345363814472949571e+01 5.384093332633030826e+01 5.921411093578894480e+01 7.578610884114245039e+01 6.550628823847117133e+01 4.597268159636421814e+01 5.973365181566840221e+01 7.944266538105058828e+01 9.204046225073143717e+01
4.786148573735437791e-04 2.000047861485701972e+01 2.524785372647361470e+01 2.213719078587310563e+01 2.500407679210578138e+01 2.850467342492631317e+01 3.218319995854942306e+01 3.352662223720336243e+01 4.664703082746544283e+01 4.582117096797813360e+01 6.025536853628408807e+01 7.460601793821561500e+01 7.224318747044128486e+01 8.129706287232481543e+01 8.828409359304309589e+01 7.628636318343059486e+01 6.166129426148621206e+01 7.154730613869148215e+01 7.623356381271162263e+01 5.614790283023822326e+01 3.571549420572626588e+01 5.614790283023822326e+01 6.952562428701251918e+01 7.564354487970527430e+01 8.393417345473615399e+01 9.551561029900155120e+01 1.038645149847671121e+02 8.379632561104949673e+01 6.980815855371466228e+01 6.754018513691765691e+01 4.799047801589411932e+01 6.279868469732241465e+01 5.971409709021713752e+01 4.255073538229163432e+01 6.205320180817474807e+01 7.547743740721054451e+01 8.381419941022153353e+01
1.415922250553260878e-03 2.605194528243225616e+00 5.231328153924321711e+00 7.978576600405541619e+00 1.083590099134009321e+01 1.431845292412542392e+01 1.797306966093113090e+01 2.190326144936983965e+01 2.628667479626090042e+01 3.133512259753641516e+01 5.181699503722339273e+01 6.965151513016149920e+01 7.856012129952138423e+01 9.099042379230269262e+01 7.961687065109414618e+01 5.763066409931462886e+01 4.663575727627761580e+01 5.121844998827753415e+01 6.474037352799666678e+01 5.322900623069586601e+01 3.282143516760331892e+01 5.322900623069586601e+01 6.011541851363803346e+01 6.600685228568470109e+01 7.278365512440453244e+01 8.109372304618889871e+01 9.116359043493815761e+01 9.039290424700153892e+01 7.051053673090090967e+01 5.921411093578894480e+01 6.279868469732241465e+01 4.329003974879218930e+01 4.025662834030093506e+01 3.926714310676280206e+01 5.865324185603431317e+01 5.608976896720012917e+01 7.547743741730783995e+01
5.113348591224673584e-03 2.000511334859086787e+01 1.678455464453574209e+01 2.800669847297299953e+01 2.500407679210578138e+01 1.937406959315225308e+01 3.807762112057276482e+01 4.205234757952424474e+01 3.801389518747945573e+01 5.181699503722339273e+01 4.050152901407670214e+01 4.834884285242480928e+01 6.126498176740508939e+01 8.353906005230678034e+01 8.768631362737980339e+01 7.141635117063076166e+01 5.717262954280657539e+01 3.676566983879708062e+01 4.440186596358260118e+01 5.039900262351288518e+01 3.001796405539337798e+01 3.443276266993280643e+01 3.968790760470101731e+01 4.559864755108895906e+01 5.245368600447256568e+01 6.269801671024404044e+01 8.287041756708100593e+01 9.874629710012483486e+01 8.721909619944189274e+01 7.891381400945374480e+01 7.101919697141140375e+01 5.703607900233309635e+01 5.546812930823451637e+01 3.613368512795035770e+01 4.247613416880249559e+01 5.617860054501441169e+01 7.628220034634097146e+01
3.630678512830590090e-03 2.000363067851247578e+01 3.680893527222626460e+01 4.510186530417148276e+01 4.506135200283313935e+01 3.943103582725426293e+01 2.882704118340165778e+01 4.888773988576042484e+01 5.837231403811249919e+01 6.673646184244154256e+01 6.124088654777769847e+01 6.965151513016149920e+01 7.871025930232747214e+01 8.752060673356085374e+01 8.253577144211540428e+01 6.281411163202710668e+01 4.914341824461030939e+01 5.035887554410733458e+01 3.000066517554594725e+01 4.423337525517817426e+01 2.727265553763539074e+01 4.762551093551770265e+01 6.011541851363803346e+01 6.600685228568470109e+01 7.278365512440453244e+01 8.109372304618889871e+01 9.116032298266256362e+01 8.590921847651767962e+01 7.763439531391996695e+01 8.590921847651767962e+01 8.500231494049401704e+01 6.721432101583882002e+01 4.768975667091794435e+01 3.418143226092647069e+01 5.295411370068899259e+01 6.134642905943268687e+01 7.960287983789697819e+01
3.897887252982968069e-04 1.999492632944551929e+01 2.932088005060462521e+01 3.466660669580983267e+01 4.298159862610760484e+01 5.718896852523608487e+01 4.888773988576042484e+01 4.151732765603383513e+01 5.570057594377305321e+01 7.574156141146549714e+01 7.613886351233897187e+01 8.460041262372182302e+01 8.139644406296743284e+01 6.676816661113301166e+01 8.139644406296743284e+01 7.680845098737140120e+01 6.859044728251780043e+01 5.643550639614429087e+01 3.772928924846088705e+01 2.391907669926325397e+01 4.423337526285133947e+01 5.328266342813147105e+01 5.973765933017882901e+01 6.743666028779598776e+01 7.576038546663906459e+01 8.739825052036600539e+01 8.744847936261133725e+01 7.606349691334962415e+01 5.814594426092816093e+01 7.609341874362516478e+01 7.864951059665816047e+01 7.051721333935533664e+01 5.141462868625026061e+01 3.228846357348660234e+01 5.139675988689875652e+01 6.438814429841906417e+01 7.278826201139553120e+01
9.894987445105475968e-03 4.598209664716621070e+00 9.312254872212630374e+00 1.465747982272787375e+01 3.466660669580983267e+01 5.167217556120380095e+01 6.001045774070311722e+01 6.157044468559909234e+01 6.986759225214467506e+01 7.272805637713823046e+01 5.551919777504729581e+01 7.272805637713823046e+01 7.284641559688380141e+01 5.221088495158289788e+01 6.093248642396148540e+01 6.948148947117614682e+01 7.088914540341041004e+01 5.915869353876705361e+01 3.708961514160866813e+01 2.190799861895940737e+01 2.728058828329550423e+01 3.288976659633659239e+01 3.932516987534196318e+01 4.706701824710305715e+01 5.889141386670860356e+01 7.910968396036940931e+01 7.916782521002576800e+01 5.963435292468496129e+01 4.862254789268062183e+01 5.927356750493355264e+01 6.740783028125795795e+01 5.105416188077106909e+01 4.947760685734903774e+01 3.042725171414747720e+01 3.745083040206733926e+01 4.597838140587376898e+01 5.951641729441796258e+01
2.758038052605161963e-03 1.998247816305163127e+01 2.345003079616431307e+01 3.465640440508926190e+01 2.408567971600490765e+01 3.164532853117464839e+01 4.579553402588133793e+01 6.585964325698428468e+01 6.913282011564585616e+01 6.423409394831347186e+01 4.335027283247917040e+01 6.423409394831347186e+01 7.442250256812135945e+01 6.093248642396148540e+01 4.075926710427532385e+01 6.093248642396148540e+01 6.279675607489238587e+01 4.291087954983665043e+01 4.030498935507669245e+01 2.006845202574499964e+01 4.030498935507276315e+01 5.328266342812558776e+01 5.973765933017882901e+01 6.743666028779598776e+01 7.419015099240573363e+01 6.611454515532351195e+01 7.419019817414141471e+01 7.043252193117717752e+01 5.110464582319880122e+01 4.012801240374594158e+01 5.270504396500786015e+01 4.864352911867949558e+01 3.544204952228465544e+01 2.863066219652802502e+01 3.943886697549262266e+01 5.880368313393623225e+01 7.278826201139553120e+01
7.097940694151796438e-03 1.415709441449130956e+01 3.429201068114985418e+01 5.134975529527207527e+01 4.410273887746241428e+01 5.167217556120380095e+01 6.001045774070311722e+01 6.299487215752565561e+01 4.836337529240397970e+01 5.685054818426685586e+01 3.589496147531102821e+01 5.685054818426685586e+01 6.589355274452009326e+01 4.563737611644103254e+01 3.503544310759009051e+01 5.485003194242477065e+01 6.105456949392525701e+01 4.076323149451744143e+01 2.642552518138749562e+01 1.829004710033081338e+01 3.807514507018595395e+01 4.634169705113841076e+01 6.583427891279890787e+01 6.781714239782014886e+01 6.452157948708358504e+01 4.684329261343548012e+01 6.452157948708358504e+01 7.865533086754349767e+01 6.740779242607226251e+01 5.270676103595173601e+01 3.369547465284792764e+01 2.973988489981443450e+01 2.609550522631730374e+01 4.503987110081653356e+01 5.567708417855846648e+01 6.713400778206508335e+01 6.450559499286318044e+01
8.907212727516041623e-03 2.000890721272715922e+01 3.310273209650541304e+01 4.135933709362656430e+01 5.146220114946353164e+01 6.093204445220604981e+01 5.237286554619530676e+01 5.259556074969574979e+01 3.358117769293701116e+01 4.265273936586672932e+01 2.968511682533425855e+01 5.053220105923364258e+01 6.363885952358367604e+01 4.343765919767457717e+01 2.980082213670915081e+01 4.317105253136466558e+01 5.150918318921090133e+01 5.257653443156597461e+01 3.665972984483502017e+01 1.663076110973255695e+01 2.649560993213810178e+01 4.663696977931608956e+01 6.220813865481519400e+01 4.849929440807108705e+01 5.647891846910797398e+01 3.753369950377305742e+01 5.647891846910797398e+01 6.961637694858893610e+01 6.137242062582732416e+01 6.062290881188399538e+01 5.240781205405482268e+01 4.314941786317064043e+01 2.427196690909881127e+01 3.370649374872366622e+01 4.716204337480199626e+01 6.660452522263480546e+01 5.611928875435182107e+01
4.556156782696869564e-03 6.596882104246908796e+00 1.345253054154821726e+01 2.406556415907108004e+01 4.324154581035020328e+01 5.237286554619530676e+01 3.159885386692819864e+01 3.768342101533698241e+01 2.350848830407545975e+01 2.221404601098506504e+01 4.265273936586672932e+01 5.909485834558487483e+01 6.300958613579539502e+01 5.780340206102737710e+01 4.317105253136466558e+01 2.378971142631973024e+01 4.316581755521459485e+01 3.249662485514554788e+01 3.251148287072680176e+01 1.507850184258066228e+01 2.878546162154187016e+01 4.812615826261919949e+01 5.415736108633767998e+01 3.516186092829398291e+01 4.214355192763639479e+01 3.130179755912802975e+01 5.016384533982193261e+01 6.137242064462214586e+01 4.182552556931616294e+01 4.753718111201489904e+01 4.624897662934727549e+01 3.847468664289251450e+01 2.258736972185999647e+01 4.223842960974180727e+01 6.096850268056098798e+01 6.190569759124373661e+01 4.966621581271512298e+01
9.004134676422023004e-03 2.000900413467606498e+01 3.310273209650541304e+01 4.135933709362656430e+01 5.102709268771450013e+01 4.462218173873309013e+01 3.762927570656502496e+01 1.768763093632762562e+01 1.592468568579397648e+01 3.564259556169583476e+01 4.548563321413609373e+01 5.163467703293524380e+01 4.271171237591133973e+01 4.271181931253587294e+01 3.929447754685476468e+01 1.996917470633859537e+01 3.929447751128411426e+01 3.251596269938860928e+01 1.295828305813800974e+01 3.045057751742094609e+01 3.046749186578274049e+01 3.667529917087374969e+01 4.288102030103636508e+01 3.597899628858605325e+01 2.310192578476540248e+01 4.214355192758202406e+01 5.068532786971790927e+01 4.560246915193298634e+01 4.684127343887288930e+01 2.849886858392924438e+01 3.728907727509097469e+01 2.017740434942802352e+01 3.918549806826065662e+01 5.021068106540268161e+01 5.292933208917818888e+01 4.439116579405411045e+01 3.355800920291288492e+01
