MOVIE_S2_data/elevation_000185.asc
nrows	100
cellsize	150.0
xllcorner	0
ncols	100
yllcorner	0
NODATA_value	-9999
[rows 0 to 16 of 100, columns 37 to 73 of 100]
9.774848212951580706e+01 1.060530425298019139e+02 9.422465204513851234e+01 8.591484399527469407e+01 8.591484399527469407e+01 9.179046352404753861e+01 8.634438678751908469e+01 9.465298777742185621e+01 9.172286361001529542e+01 8.340975637151258582e+01 8.602270023395172416e+01 9.433279009618563293e+01 1.038849302634794327e+02 9.557919415091478754e+01 9.776602287534225866e+01 9.516112555102462522e+01 1.034671748324728355e+02 1.150529442617338418e+02 1.098561029343415640e+02 1.015744071561964574e+02 1.015744071561964574e+02 1.015744071561964574e+02 1.098561029343415640e+02 1.112719099661338191e+02 1.031874343275488854e+02 1.031874343275481465e+02 1.055102070096820341e+02 1.055102070096820341e+02 1.135847553707095869e+02 1.051258443980993746e+02 9.638255777280156167e+01 1.049654543490999004e+02 1.090555117499780948e+02 1.032905848306790233e+02 1.092379360813185940e+02 1.103298714366908939e+02 1.019598615675486712e+02
7.766305338556108495e+01 9.774848212951580706e+01 8.591484399527469407e+01 6.589984359576374118e+01 6.589984359576374118e+01 7.176210148732909033e+01 6.640339794284621178e+01 8.223077801526189035e+01 7.812397934834640978e+01 6.278167693176708752e+01 6.553411878702546289e+01 8.602270023395172416e+01 9.228176863563997756e+01 7.546310487223141195e+01 7.765629248105062743e+01 7.504365089976667491e+01 8.667372088250824902e+01 1.067551359404168494e+02 1.015744071561964574e+02 8.138930647775944749e+01 8.138930647775943328e+01 8.138930647775944749e+01 1.015744071561964574e+02 1.031874343275488854e+02 8.332827672378327577e+01 8.332827672378327577e+01 8.568849386238129284e+01 8.568849386238129284e+01 1.055102070096820341e+02 9.479389460283225333e+01 7.604737881438960301e+01 9.473583974537289976e+01 8.905871726702396529e+01 8.320503641757163393e+01 8.908795734392015220e+01 1.000985417482788620e+02 8.139130102379556320e+01
7.766305338556108495e+01 9.774848212951580706e+01 8.591484399527469407e+01 6.589984359576374118e+01 5.188408492033317998e+01 6.328608674371459841e+01 5.544407654797538498e+01 7.360657468483471177e+01 4.916278561326221563e+01 4.733361415062134370e+01 7.153476510368312802e+01 8.495971065031642411e+01 8.327175455602500165e+01 6.378960239387095044e+01 6.336832157487279460e+01 7.765629248105062743e+01 9.776602287534225866e+01 1.001851992413378554e+02 9.187627590023808466e+01 8.730138558754046585e+01 6.704421907139639814e+01 8.730138558754046585e+01 1.010826984909173092e+02 1.017303176879796496e+02 8.914488931727383658e+01 6.909273421638647505e+01 7.147151127393674130e+01 8.568849386238129284e+01 1.055102070096776146e+02 8.619889026092388917e+01 6.598881063801896119e+01 8.619889026091780693e+01 8.908151268405758572e+01 6.917844391777458668e+01 8.903454367961232663e+01 8.995400571828449188e+01 7.102000653686626208e+01
8.828012021758938488e+01 8.158868291335430456e+01 7.329108166879275643e+01 7.329108166934224755e+01 6.328608674371459841e+01 4.363687484437155462e+01 5.839880818495100101e+01 7.720738017326532088e+01 6.589542463692369267e+01 4.585607459609458658e+01 5.678480937029151221e+01 7.667119296176835519e+01 7.494236689092213055e+01 5.469258134876495347e+01 7.494237887949181243e+01 8.609573067927507850e+01 9.771701563228484133e+01 9.187627590023808466e+01 7.164146027129407912e+01 7.756810055295213147e+01 6.142180685153374498e+01 7.255778071722221512e+01 9.277664366235106286e+01 9.359865514606060799e+01 7.360511938550634170e+01 6.192783836748270687e+01 7.621050547008489673e+01 9.616616182190738016e+01 9.381877775563162913e+01 7.945109944347689179e+01 5.926092350541481579e+01 7.944071245113599389e+01 7.406874702073864114e+01 6.250573367778745393e+01 8.213267068458274878e+01 8.456398596774423027e+01 7.992017389320926668e+01
8.129233649352228497e+01 7.329108166879275643e+01 5.335294673816974154e+01 5.335294673816976285e+01 5.904716225687901243e+01 3.935091811129611017e+01 5.321593986912987617e+01 7.312497842841870010e+01 6.043423610809933422e+01 4.031338430156156960e+01 5.461421999080307188e+01 7.448450816032013222e+01 7.041438677846730343e+01 5.006685549400728519e+01 5.751676770192052857e+01 6.925079734192676995e+01 8.940458045614387572e+01 8.730100884680206264e+01 7.756810055295213147e+01 5.725837866657790443e+01 5.599628805372336871e+01 7.034122697932409096e+01 9.055031748996368890e+01 9.200511983095336177e+01 7.199877671665112189e+01 5.770681995703630918e+01 7.785849894783788727e+01 8.879314566232480388e+01 8.524744835537642018e+01 6.506612168874211477e+01 5.345385254651619533e+01 6.652534494052723346e+01 5.394337053698453133e+01 7.382788045883232542e+01 6.953488180850408185e+01 6.979480438424202760e+01 6.554592439803339232e+01
8.960434650036022219e+01 7.329108167446480593e+01 5.335294673816992628e+01 3.930584203696373891e+01 4.981794062921142086e+01 3.539458456517845519e+01 5.514576999583288597e+01 5.823198216837867847e+01 4.992318192445964797e+01 3.537357479380146685e+01 5.599323459849798468e+01 6.922471464157545995e+01 6.083856132524326199e+01 4.545536372023353522e+01 6.607627877718108778e+01 8.609573067927507850e+01 7.975342812341416732e+01 7.140869391393565024e+01 5.870649075307493092e+01 4.958961256341229529e+01 6.187038674528437809e+01 7.880894503461389888e+01 8.845436190780881702e+01 8.815489730344853569e+01 6.810899877365365285e+01 5.383218327353613830e+01 6.877808346583319121e+01 6.877808346580485477e+01 8.364391602189996888e+01 7.045133049806022996e+01 6.206135110542262368e+01 4.641894860245113108e+01 6.383472629499999584e+01 6.840633628254218479e+01 4.977670255849665892e+01 5.065811820523591535e+01 5.154800307301533024e+01
7.247779980294016866e+01 7.833013376412787920e+01 5.836677674390823967e+01 4.981794062920234722e+01 2.995277419384967743e+01 4.537047208281408217e+01 4.598217148273555921e+01 4.659457564931375373e+01 2.934857324310428695e+01 4.992318177363713261e+01 6.385760813677335790e+01 5.574955948481996870e+01 3.950421544398864171e+01 6.083856132524312699e+01 7.442841789999641833e+01 7.540079457761204651e+01 6.810159693452526142e+01 5.121238714158970140e+01 4.450050930176341524e+01 6.464023705292279942e+01 7.563385497056509621e+01 6.211385850403890885e+01 7.610692972089363195e+01 8.232060351451683289e+01 7.218052061875195591e+01 6.396920415171304342e+01 4.866086868739919424e+01 6.877808345794295519e+01 7.214087309482250987e+01 5.704084187565273112e+01 4.520806761033624355e+01 6.526901340963551945e+01 4.765899772808914037e+01 4.853431020979519417e+01 6.867995196178804918e+01 6.231946287033620990e+01 7.219720873154533081e+01
5.253268462893129254e+01 6.509524487355550093e+01 5.836677528633806844e+01 3.856039227105111422e+01 4.033247750432855128e+01 2.535408458849227031e+01 2.597433074213068949e+01 2.659390216500892379e+01 2.721376001900831909e+01 4.720941713477068191e+01 5.567471698491187482e+01 3.348623676204850597e+01 5.574947844134028685e+01 6.193886868538174895e+01 6.782127691116636470e+01 5.532144942521945552e+01 5.532145194530185961e+01 3.997522982777310574e+01 5.974834772878900679e+01 6.352549487701215014e+01 5.622403785926407949e+01 4.934453078961459482e+01 6.754158499762836243e+01 6.406918723541937766e+01 5.407376416517409723e+01 4.384544328374485644e+01 6.147862254261679027e+01 6.224406300697601324e+01 6.300125319778661037e+01 4.398592788515509255e+01 4.560478544287028058e+01 6.560557025726350844e+01 6.894719691870801626e+01 6.874152491512995766e+01 7.729273860186289369e+01 8.244774095510068435e+01 9.062732094597117793e+01
4.102676939237248632e+01 4.515395812798333708e+01 5.195070738099291674e+01 4.367852074012922259e+01 2.449045606325611857e+01 4.452009714127752460e+01 4.598202524528913671e+01 4.659456546626559259e+01 4.720942198989649086e+01 2.810158778785712030e+01 4.808866788800646219e+01 2.988243562181451907e+01 5.026460750766639762e+01 4.215337535498151311e+01 5.077560022477837265e+01 5.237284981925787974e+01 3.592990102087274096e+01 5.532144922948465648e+01 6.274341396865501252e+01 4.913297145339269889e+01 3.931178568112383687e+01 5.647475374897811662e+01 5.819805290042295809e+01 3.873486274355099113e+01 3.955725465378368710e+01 4.039468803756698634e+01 4.124701461908841083e+01 4.207803965623084963e+01 4.288291984716527594e+01 6.263077337782768694e+01 6.560049437449208654e+01 4.783073005569023195e+01 6.793482133629588304e+01 7.255527760197622911e+01 7.449629676725848526e+01 8.288205738000844747e+01 9.716613166824829761e+01
5.099462567095742571e+01 3.101479239459032300e+01 4.283790560850948026e+01 2.363173508419153279e+01 4.367868786040790496e+01 3.209953391689466429e+01 4.622857730796753373e+01 6.616412777462377903e+01 5.518278635388476516e+01 3.866957647783706875e+01 2.898685405445462848e+01 3.413833170413314377e+01 3.078778596190333161e+01 3.142046443375351927e+01 3.204168344053528017e+01 3.264676980187101663e+01 3.323514940947200103e+01 5.302223192146510655e+01 5.464503751358385131e+01 3.557472645966414149e+01 3.622781395069380039e+01 3.690722013658686507e+01 3.761516584171578614e+01 4.673640459825590909e+01 5.941056951820197440e+01 6.077341362588916240e+01 5.558333565980679225e+01 6.224410922295953696e+01 5.242379353276663778e+01 7.011772087484432348e+01 7.142938676885090388e+01 5.115664536296096543e+01 5.033706303823517914e+01 5.216025723464353092e+01 5.407364662735358962e+01 6.859798317956365565e+01 8.570755001983987142e+01
4.141454810778818540e+01 4.200235062111807594e+01 2.277179107580865747e+01 4.283782884457221485e+01 5.195056331157476137e+01 5.206801737844811839e+01 4.105165319868670082e+01 6.098007954915170359e+01 6.535488401151857829e+01 5.476286185515228766e+01 3.865472084420519394e+01 3.389677407788369123e+01 5.010557005574117539e+01 5.107976676524764770e+01 4.903334693916306719e+01 5.237285351076256035e+01 5.133941566596663364e+01 3.407459200792465737e+01 3.468067675872504196e+01 5.464455450870240583e+01 6.262087911068471868e+01 5.758315115151629726e+01 5.820891138464893544e+01 4.125942937401931943e+01 4.862661344883647985e+01 7.046330728251496112e+01 7.581372583578595936e+01 7.931712129390412258e+01 6.534004498923037829e+01 7.646733704585329860e+01 5.635458053509319143e+01 7.142948609609712207e+01 6.468033291368622884e+01 7.255527760197622911e+01 7.452297466286360361e+01 5.697069364628774935e+01 7.146707181703754941e+01
2.133690920502129273e+01 2.192208908319818050e+01 4.174062134035995086e+01 3.699431025935626138e+01 5.699146649355962779e+01 6.802363056028465849e+01 4.810148396362671974e+01 6.802363056584458434e+01 7.156322248376180539e+01 5.323080568507868549e+01 4.368348672624279772e+01 5.234097476977096619e+01 3.973892424116033339e+01 5.446944945720430553e+01 7.028419846938670901e+01 5.986673533811937631e+01 3.980619261953145127e+01 5.396581011081755008e+01 4.339383449591455388e+01 5.078198711823079492e+01 7.061940048711007023e+01 6.561289868272734793e+01 4.602011137511684069e+01 6.111804535821470097e+01 4.557501532411248490e+01 6.521496398996653454e+01 7.840873519196378538e+01 8.739243635685930656e+01 8.485798102446585744e+01 8.052377046464792443e+01 6.025610862048641536e+01 7.464718175715418624e+01 8.495794075246834609e+01 8.904149250418761596e+01 6.884490531899358245e+01 7.738098745610409424e+01 6.007424444806916597e+01
4.141454485638688965e+01 2.637942321938482948e+01 4.052638180653973166e+01 5.698440971235688579e+01 6.528962379903089186e+01 7.630720100901120873e+01 5.958427323586885649e+01 7.630720179744693610e+01 8.027874099817799447e+01 6.912908765952587942e+01 5.100639725039119554e+01 6.589341214189076368e+01 5.801846870494627240e+01 4.623031607305043877e+01 6.446202095430689383e+01 6.425137102998611738e+01 4.415799013094257930e+01 6.424014041814109532e+01 5.681575319320694462e+01 6.242218791419003310e+01 7.884988150967882348e+01 6.887901758191581791e+01 4.928213290436421801e+01 6.887901758192008117e+01 6.533122602513873289e+01 5.018306329140757072e+01 5.861058325546839853e+01 7.337451259631845346e+01 9.372097811975689297e+01 8.463785839362888908e+01 6.448302602773496517e+01 8.463785839362888908e+01 1.030395842956054508e+02 9.737834154498190742e+01 8.053368111865808032e+01 8.260299579458727237e+01 6.235095212982437829e+01
4.348257107083595230e+01 4.952402827336796776e+01 5.803749798929265324e+01 6.949633882469453283e+01 6.962825077749455716e+01 7.794660123245878935e+01 7.955200735659856548e+01 8.784431590593902683e+01 9.396070754047381968e+01 7.749156001972708907e+01 6.370479037357399932e+01 7.738705757777050565e+01 6.935697460075654419e+01 5.104207611977650316e+01 6.935697460075657261e+01 6.898894891072997382e+01 4.887830610041439883e+01 6.886965980047760638e+01 7.642999840198167760e+01 8.186061268064786134e+01 7.886047214742944789e+01 5.889756203799667844e+01 5.304952859776712160e+01 7.283632890259549697e+01 7.552362255760438359e+01 5.466178366162095159e+01 7.552362255756030152e+01 7.933482070072973613e+01 9.963890852320048452e+01 8.901332107981113495e+01 6.896243211992613453e+01 8.315065570816167906e+01 1.031670473317024488e+02 1.089994382172359337e+02 1.006633789874273788e+02 8.495057894358464523e+01 6.475590510448124348e+01
3.955420694388809721e+01 4.858377278215435524e+01 6.054632375756407470e+01 5.707019380312996049e+01 4.977221926058984991e+01 6.377060594179669550e+01 8.376985638340133278e+01 8.806912114135568004e+01 7.394587161592242808e+01 8.804145411822953804e+01 8.283503657366975403e+01 8.490300887112742600e+01 6.586308312801291720e+01 5.729566006241965681e+01 7.595352656342294040e+01 7.479859283474134202e+01 5.467339593409779752e+01 6.530033187853157983e+01 8.540141256055250096e+01 9.046977165465035853e+01 7.036187416649514148e+01 7.700732829319565553e+01 5.700365539890375288e+01 7.111234245000356680e+01 8.390648494691733106e+01 7.552362255760438359e+01 6.249068338099101538e+01 7.710320910680911766e+01 9.730369280359690265e+01 9.435131771082915009e+01 7.437836318580600903e+01 8.533742178555233693e+01 1.053691972851192702e+02 1.097201860790482897e+02 9.965824194839086658e+01 8.734217039831807483e+01 6.719025553841346721e+01
2.103004350224295393e+01 3.429900526586718001e+01 4.754684830094980441e+01 3.733058069191436346e+01 5.125006826400150572e+01 7.112121988430733666e+01 7.805012886660291827e+01 6.975755395741121845e+01 5.970401177789788960e+01 7.394537252644121850e+01 9.394093249123338296e+01 9.298797202578764143e+01 8.400466013741448990e+01 6.635729804667528242e+01 8.400466013741448990e+01 8.116092103092124432e+01 6.104147270936078939e+01 8.116092103092118748e+01 9.369877399906428650e+01 8.678272838269039369e+01 9.046977165465035853e+01 7.573183099824129272e+01 6.149360069825896602e+01 8.162592903263382027e+01 9.954835797233162964e+01 9.067914199846711654e+01 7.041441145606391672e+01 7.559129210056480019e+01 9.580245658597220881e+01 1.001117211713707462e+02 8.015709823986377103e+01 1.001117211713707462e+02 1.137116765231591557e+02 1.013762831537951143e+02 8.127482352703489710e+01 7.121371294641919292e+01 8.734216431497360134e+01
4.085582873632250056e+01 2.235519797217207483e+01 2.810098080165469980e+01 4.776484707875354019e+01 5.892570809103985852e+01 6.724948197132800942e+01 6.975755386479069386e+01 4.963361375677585841e+01 6.975755395741121845e+01 8.806912114111273127e+01 9.492782379062491316e+01 1.033331573696594603e+02 9.365632295302987131e+01 8.554975508017075470e+01 9.365632295287673514e+01 8.946188551558444146e+01 7.528111942142660951e+01 7.528111942142660951e+01 9.535601782062610710e+01 1.010008585549824431e+02 1.041585207308265666e+02 8.744313782657928869e+01 6.729124824296295060e+01 7.793434396996858027e+01 9.805159890357455765e+01 9.900069330869416717e+01 8.060855046476473262e+01 8.991237553638642055e+01 1.041183974891266217e+02 1.067826070337386000e+02 8.676994944663492504e+01 1.067826070337386000e+02 1.234298540301297891e+02 1.097125264080776077e+02 9.432002011497814919e+01 7.422701854336575877e+01 9.432001910559196745e+01
