MOVIE_S2_data/elevation_000881.asc
nrows	100
cellsize	150.0
xllcorner	0
ncols	100
yllcorner	0
NODATA_value	-9999
[rows 17 to 33 of 100, columns 37 to 73 of 100]
5.683648314171930593e+01 6.079108816646142799e+01 4.079131820611018355e+01 2.637708856459986251e+01 4.664971387935974434e+01 5.104443603744392988e+01 5.292048154090028333e+01 4.479548315678545833e+01 6.249911669918864732e+01 5.674143635130816676e+01 7.666377389722954661e+01 8.892496753085519856e+01 7.463108527887655441e+01 8.055629665281955454e+01 8.254754644116263762e+01 6.317998040867860254e+01 6.685583509261033441e+01 4.703432786179103431e+01 5.473939393843041756e+01 6.461364419864985109e+01 8.383202575890061325e+01 9.763482849492926618e+01 8.945139788689270688e+01 8.338699796638080386e+01 6.644696759658638996e+01 5.406128092590778067e+01 7.361413385596411274e+01 7.984420931738276295e+01 7.203213779318468823e+01 9.062163735838014134e+01 9.736474283005603070e+01 1.056380010754549943e+02 1.155496521182433440e+02 1.155897875740410825e+02 1.072844417108396442e+02 1.072846589939288862e+02 9.682308174813442747e+01
7.655953560540991987e+01 6.025233528896509227e+01 4.884748348074459301e+01 2.870443972578375025e+01 2.906352798362338063e+01 3.091181857324585280e+01 3.277630252538398281e+01 3.469708971922226937e+01 4.244422231889762998e+01 6.257655392142117279e+01 7.463377261377628713e+01 8.284813032903981878e+01 9.486102231172014854e+01 1.007830275836040101e+02 9.055984254857632720e+01 8.253996710619935584e+01 6.852112795815733648e+01 5.042499501286381758e+01 7.009110046630996749e+01 8.227107141172587035e+01 9.192824664494536080e+01 1.094555422580870072e+02 8.998109592137873847e+01 8.918581004241048049e+01 7.694585572140631768e+01 5.772307843500793467e+01 5.772254207254175640e+01 6.058690107092181876e+01 6.347331879034961588e+01 8.264071303096604026e+01 7.801693482008397496e+01 8.751480536117304609e+01 1.013411881497423224e+02 1.213945150132401380e+02 1.223599926024516549e+02 1.022989318155470500e+02 8.851311846961617391e+01
7.006160006879206037e+01 5.201425521432729226e+01 3.186117463052648446e+01 4.884750287004271030e+01 3.812313283509670470e+01 5.104443603744393698e+01 4.710201440298315134e+01 5.482876536469505169e+01 3.762187198680189226e+01 5.769657985101834896e+01 5.494159814409341891e+01 7.463377255580397218e+01 8.158608149247821473e+01 8.975848301404420226e+01 1.010886041656097660e+02 8.343454156802377497e+01 6.369623477861109961e+01 5.399398561082104919e+01 7.357108658280255042e+01 8.695084754905155933e+01 9.553777042950849818e+01 1.036550239903483970e+02 8.431716949577047160e+01 7.091138818467868532e+01 6.303311165148117823e+01 7.711583892975004062e+01 7.709317178730906051e+01 6.607890909149563186e+01 8.264071303096604026e+01 6.792136545974250339e+01 8.702286939150805267e+01 9.797923535643815285e+01 1.045262461777363825e+02 1.120564875943970833e+02 1.204239341771005911e+02 1.164960531076589803e+02 1.022989318155470500e+02
5.196181744860835749e+01 4.186541651004474573e+01 3.414172880252204578e+01 5.429631293095134481e+01 4.977804733624265054e+01 6.635932518521158840e+01 6.696750381748192638e+01 6.471577598134925324e+01 4.486226247888728125e+01 4.072515539104603732e+01 6.070930245311139828e+01 7.033891666111165364e+01 6.210542117279583607e+01 7.333558862035924619e+01 9.285646437360152561e+01 8.846928969349590943e+01 7.211606801787173993e+01 7.357108659684594443e+01 5.965904425911355702e+01 6.838359081611859835e+01 8.177652224649746415e+01 1.010681294146001505e+02 9.810384178549479373e+01 8.657658665675221243e+01 6.739903617596124263e+01 8.657658665675221243e+01 9.135933159605964704e+01 7.213776807910194577e+01 9.135933159605964704e+01 8.702290742870202678e+01 7.298564130612319900e+01 7.862227567528437078e+01 8.488525587458718746e+01 9.213334149363414838e+01 1.061444640479584933e+02 1.263293750212778974e+02 1.223599926024516549e+02
7.006159777989864779e+01 5.671894380244276590e+01 3.659506519690494741e+01 5.671894380244237510e+01 6.958492629489811065e+01 7.779870971006533864e+01 7.714283327451151706e+01 5.749393044459743152e+01 6.471577598134925324e+01 6.070930246185641721e+01 4.396087401944026141e+01 5.071734163466593515e+01 7.033891702987234851e+01 7.761276295779558154e+01 8.378613826639517015e+01 9.204026081859149144e+01 9.000942835917386731e+01 8.328255413322962397e+01 6.422510868581272803e+01 8.328255413741223379e+01 9.553777039027551155e+01 1.075877692937858541e+02 8.792503085145129660e+01 7.691765116103621835e+01 7.376306045559695690e+01 9.298334975474075748e+01 9.957544862436199651e+01 8.060262412305813484e+01 9.957544862436199651e+01 9.900220573180938288e+01 7.960116179676060710e+01 8.238569436493121145e+01 1.019001073701164444e+02 1.120564875943970833e+02 1.204239341771005911e+02 1.227794377928281762e+02 1.227794377928281762e+02
5.972980508638467256e+01 4.823088076043538308e+01 3.912197343614788991e+01 5.918902809547180510e+01 7.038972160171320525e+01 7.860113240014175062e+01 8.536428295679297662e+01 7.137145022465240629e+01 8.351294856601455763e+01 6.383166898575082371e+01 6.383170180820507511e+01 4.747118424860747865e+01 5.236123966895619475e+01 5.808257129484878334e+01 6.426421157278301166e+01 7.799955237134719255e+01 9.775625374577006710e+01 8.802271917859422956e+01 6.906206891397305014e+01 8.237368340807910272e+01 1.016606981896521233e+02 1.159027443005297187e+02 1.044833499148122087e+02 8.792503085797969220e+01 8.471610175835145640e+01 8.723366384795846784e+01 1.068643194502799929e+02 9.168424372811254841e+01 1.083499112434811025e+02 1.072986703987079267e+02 8.808057718166867289e+01 9.196545832083241123e+01 1.019001073701164444e+02 1.219218625599870620e+02 1.169765979243821619e+02 1.028581292546947594e+02 1.028581292546947594e+02
7.626511545612025600e+01 6.739990504803776616e+01 5.918902809547128641e+01 4.297681480470549786e+01 5.064209487381394581e+01 6.207635735587599868e+01 8.174598835258800023e+01 9.107618450713141556e+01 8.965331741754614825e+01 7.118428803328193055e+01 5.155503991831232469e+01 6.721858070681976471e+01 7.197488222383536538e+01 6.837211579571312825e+01 8.378613692465133056e+01 7.799955209346617835e+01 9.775613344412262506e+01 9.522907557045232352e+01 7.616281925907763650e+01 8.095104769120158039e+01 9.442645456146442484e+01 1.141100110352777222e+02 1.159069091237387994e+02 1.075878236999421631e+02 9.843553054247082912e+01 1.068643194502799929e+02 1.151783356114513026e+02 1.115054961894894490e+02 1.198475210736607863e+02 1.161865637396320352e+02 9.935494276840064742e+01 1.059331709886312893e+02 1.201922694390671893e+02 1.215983324886740178e+02 1.016763059309416661e+02 8.884689193333807111e+01 1.050357460326314509e+02
7.431773015885742950e+01 6.044567387653565049e+01 4.898262246797095543e+01 4.699233403726671554e+01 6.681296601097581345e+01 7.860113241294936870e+01 9.000154095334782767e+01 9.535426596687437950e+01 7.564085327114557344e+01 6.189746558380414854e+01 5.447432941514928473e+01 7.403796013603752613e+01 8.738655755731122099e+01 8.800536552813801450e+01 9.627578541916780352e+01 9.775613799751921817e+01 1.060803167562859102e+02 1.034231536082731822e+02 8.552193800236804577e+01 1.001915322014652219e+02 1.084271580112127822e+02 1.147730104552784667e+02 1.064576573641961517e+02 1.147730088435960880e+02 1.183782591254264531e+02 1.155625556358517798e+02 1.072473189858631315e+02 1.098557849793279217e+02 1.181688882103894969e+02 1.277986645185674348e+02 1.194260452637412300e+02 1.260824440058667619e+02 1.245937026273241486e+02 1.130831564605899615e+02 1.016763059320181100e+02 8.180824545537591064e+01 8.516818479149421250e+01
7.530887591633397449e+01 5.565314107841727775e+01 6.875695801275203678e+01 5.112680858326718436e+01 6.507348426457086532e+01 8.474832056002867375e+01 9.685260018812525118e+01 9.754262152110095485e+01 7.779004754200801131e+01 8.054148881263100179e+01 6.103038954461982257e+01 5.965332757659159313e+01 7.916089797710128551e+01 9.341281224676328065e+01 1.037777132849251558e+02 1.037777109686024346e+02 1.239630477397031001e+02 1.132136554479372705e+02 1.049362131700808050e+02 1.132136592516177984e+02 1.163265785959676890e+02 1.047437021334675791e+02 8.640584890867488355e+01 9.855676364526253508e+01 1.068691983182018959e+02 1.039809074201842094e+02 8.719343176152274566e+01 8.979292662997897878e+01 1.098557849793279217e+02 1.240001434334945429e+02 1.156856681653954837e+02 1.240001434334945429e+02 1.162959784496481461e+02 9.639834472311697766e+01 8.492593344201051764e+01 9.223350817928024981e+01 7.363737588700648473e+01
6.337596663591416046e+01 6.699239543412913633e+01 7.904432571357645543e+01 7.083611039677600729e+01 5.758119706873956289e+01 6.888348216694092230e+01 8.856509467600015739e+01 1.058577654504906320e+02 9.188288556293765907e+01 7.223947572568616238e+01 8.054183774088338055e+01 6.932185111343169126e+01 6.552945349302387967e+01 8.511318255338237293e+01 8.383712907981499995e+01 9.787056114731112189e+01 1.180388445554467580e+02 1.186860523316419602e+02 1.103695287338272095e+02 1.103691670983074857e+02 1.080119761605184863e+02 8.795444150914892134e+01 7.638628313089742505e+01 7.850907974567607539e+01 9.529122839361582464e+01 9.566920179051814443e+01 7.562594146439687393e+01 9.566920179051814443e+01 1.095142351027555776e+02 1.140356745039614879e+02 9.581636922951275892e+01 1.092356422260231028e+02 1.175304178122704428e+02 1.046160382669733622e+02 8.469499565382101025e+01 7.228847597331468933e+01 6.889180277404345532e+01
7.465496789566124392e+01 8.666939952510333001e+01 9.494810358385647930e+01 8.340405892576207236e+01 6.379114318444500498e+01 6.996189926723147323e+01 8.382858169339966992e+01 1.037390617954745551e+02 1.001852754074700300e+02 8.347929405459669283e+01 9.648173267724556013e+01 8.246525508137925442e+01 7.500501709694684394e+01 7.259363649734990531e+01 8.230976034103318284e+01 9.631674733044607706e+01 1.164726143773236942e+02 1.103695269008683510e+02 9.029715139114510691e+01 9.029715041508809747e+01 1.003331873458599830e+02 1.011613725551257801e+02 8.110903395058727483e+01 6.689842920316043262e+01 8.009354181003729423e+01 8.229738310146034053e+01 6.955587528484936399e+01 8.115250697288092852e+01 1.012008444693336457e+02 1.057510186974541426e+02 8.602589320662180228e+01 8.945968818450924687e+01 1.060703776670740410e+02 9.831666174402351999e+01 7.836464521376244363e+01 6.467661035885036824e+01 6.437995754652054359e+01
9.442313885479890700e+01 1.027370782942752214e+02 9.591639367147297435e+01 7.613265535001787043e+01 7.505046877540475236e+01 8.966022629861748783e+01 9.795165476232813262e+01 1.066360208086578893e+02 1.117106976714427162e+02 1.033624258165711325e+02 1.082100765824652200e+02 9.322017307188649227e+01 9.471339210577524170e+01 8.383639685055257473e+01 1.005831213856776571e+02 1.105771544039999981e+02 1.126408835698715052e+02 1.043510717754259360e+02 9.617614157082351767e+01 7.611823406957952898e+01 8.027114253410310596e+01 9.445842002169773366e+01 9.529122839361582464e+01 8.009354181003729423e+01 5.996320555348671633e+01 6.218201914397054964e+01 8.229738310146034053e+01 9.729939274564925711e+01 1.073284702998392248e+02 9.829562203627085637e+01 7.860237799160954353e+01 7.812751946546727311e+01 9.723395637636254207e+01 9.248035154319723006e+01 7.251773687479835928e+01 5.829391712217051946e+01 7.376010892513308193e+01
9.731990905156885674e+01 1.012064914112130367e+02 1.042356827194976034e+02 9.005471689265327484e+01 9.481527528395365323e+01 1.031317700407276163e+02 1.009545800604105210e+02 8.705517215043421686e+01 1.009545800604105210e+02 1.013886572162710280e+02 1.095843258263528526e+02 1.119704202444169425e+02 1.121333552017361797e+02 1.037748918620366112e+02 1.064702627960011370e+02 9.820349857603028454e+01 1.011831458285379028e+02 8.457402872745444711e+01 1.011831461278929680e+02 8.614717941518203759e+01 6.605542300051905613e+01 7.855320586292506846e+01 8.605778950558007523e+01 7.559226178169663513e+01 5.544610644133523891e+01 6.177378727576095940e+01 6.890903372662442905e+01 7.896195530938554441e+01 9.901562537893315152e+01 1.003915524708810381e+02 8.068182803916498358e+01 6.926001489114247534e+01 8.260370245052200744e+01 9.081624214579801446e+01 8.663115249431371012e+01 7.376010902135450920e+01 5.367350067269872227e+01
8.756544307541375360e+01 8.159927744088892609e+01 9.553338763542613776e+01 1.100677332491470537e+02 1.089139680815957831e+02 9.912151705924794953e+01 9.096554699899101593e+01 7.336213720486649947e+01 8.544712598985911711e+01 8.186434860459418417e+01 1.008184993554785507e+02 1.090649589819273473e+02 1.008604620110016441e+02 1.090649589819273473e+02 9.820349857603024191e+01 7.858109177442358373e+01 8.432836166341313344e+01 7.342904278423181097e+01 9.293283772149862898e+01 9.445842002169773366e+01 7.855320586292506846e+01 5.842822537915583325e+01 6.595769551787576290e+01 7.240687493287980203e+01 5.227110454038152909e+01 7.240687493287980203e+01 8.898879034415931244e+01 9.729939274564925711e+01 1.073284702998392248e+02 1.086532357604413335e+02 9.535669099047177610e+01 7.652400423787095463e+01 6.275225712822675916e+01 7.701226725202670309e+01 7.354927089827316422e+01 7.022663114787430061e+01 6.699030218013723470e+01
7.508164720199893338e+01 6.795662348704688327e+01 8.734209745262121771e+01 9.793072835162142553e+01 1.007143600057436430e+02 8.121673399223837464e+01 7.155178281127469120e+01 6.465148586338922598e+01 6.600029316216031816e+01 7.317524758526050732e+01 9.265712096239224138e+01 9.926442379556910112e+01 8.134485939190410875e+01 9.926442379556910112e+01 9.599428109536856368e+01 7.643636042859778001e+01 6.499698558303505536e+01 6.620459022823074235e+01 8.556110187797946764e+01 9.546116935164688755e+01 8.686729934657059005e+01 7.184487674438742033e+01 5.172628840043226006e+01 6.591222715676133248e+01 4.950580761977430910e+01 6.961454598573931207e+01 8.233389844003303892e+01 1.024115433088789615e+02 1.008009163976287255e+02 9.182431497890151206e+01 1.002240310243943071e+02 9.081627495106329206e+01 7.701226725202670309e+01 5.705569223885301255e+01 5.355535831372372968e+01 5.021699364605823490e+01 4.698598829377497310e+01
5.575800256711671921e+01 6.066655312808426714e+01 7.030397236013634199e+01 8.972618172563970518e+01 1.089139680815957831e+02 9.912151705924794953e+01 9.051484002092111325e+01 7.104875310555254941e+01 5.718813482992749897e+01 7.104875310555254941e+01 9.051484002092111325e+01 9.110266070146212769e+01 7.166594565289132390e+01 9.110266070146212769e+01 9.019268455713996957e+01 7.073830440812558606e+01 5.707836702341608515e+01 7.643636042999106905e+01 7.947716601169895512e+01 7.588484324462770303e+01 9.546116935164688755e+01 8.016406512333773549e+01 6.591222707808721282e+01 4.585879145132216905e+01 6.591222700104286503e+01 6.222283637943437640e+01 8.233389844003302471e+01 8.982796086691539017e+01 8.108050403710662124e+01 6.995122558171718197e+01 8.933478246914383192e+01 9.103013275801912130e+01 7.120587724392264306e+01 7.700730242206759613e+01 7.354887068188010346e+01 6.889399419377490119e+01 6.062734501159290801e+01
4.837210091196833872e+01 6.210661048159309416e+01 8.146993197582396817e+01 9.793072777463937939e+01 1.102077574706112699e+02 1.020221562954157690e+02 8.886141202509516290e+01 7.298550945722965366e+01 5.335589621884470546e+01 6.727637062835518122e+01 8.676858984736898606e+01 8.462375568527217240e+01 6.516078257553840558e+01 8.462375568527217240e+01 8.601248021840090985e+01 7.221210111168154810e+01 5.268788120245069706e+01 6.909398217192864422e+01 6.005200774855619983e+01 7.375416297585259429e+01 9.329371758033120443e+01 7.796230915401254435e+01 5.786279917476953472e+01 4.373520711926784799e+01 5.786279917481953561e+01 7.796230942017143661e+01 9.064746666985867307e+01 7.778726197111136287e+01 6.033439242570270267e+01 5.950756676151668501e+01 8.052680893278292729e+01 9.927486090917631145e+01 9.103013275801912130e+01 8.637238204328633628e+01 6.633526678182336411e+01 5.214863808109528520e+01 4.069016357233267200e+01
