MOVIE_S2_data/elevation_000484.asc
nrows	100
cellsize	150.0
xllcorner	0
ncols	100
yllcorner	0
NODATA_value	-9999
[rows 68 to 84 of 100, columns 37 to 73 of 100]
1.016510561038281111e+02 9.905108889518299975e+01 1.073304850832059287e+02 1.000266451741495359e+02 7.999827986079652931e+01 8.586445224499628637e+01 6.975605856999261789e+01 8.148662518033202673e+01 8.621631559983136128e+01 7.774570925603893556e+01 9.778737905090936522e+01 1.087466867458734328e+02 1.079265033806991880e+02 8.812915466594965608e+01 7.542068191919882736e+01 9.507964920562940847e+01 9.985307262147927077e+01 8.009979045627818550e+01 6.658632548734759382e+01 8.588539929275984264e+01 7.131040773771444208e+01 8.280038854353846034e+01 9.682463697221774623e+01 1.046443531212167102e+02 8.492911916131599526e+01 8.955996807320812536e+01 8.700667204090821372e+01 1.067483873548159323e+02 1.127566434014305798e+02 1.027992119949171013e+02 9.453890230972328368e+01 8.048792001522063799e+01 6.113804669544249037e+01 7.302051215011221075e+01 5.293444942029439915e+01 7.302051230211255017e+01 8.491437881806764665e+01
8.151538057023871886e+01 7.889329885680072607e+01 9.493916425929828051e+01 1.032301063399393399e+02 8.586445224499628637e+01 6.580854392321202795e+01 6.217793920576234967e+01 6.142985740579806020e+01 6.614993858858512965e+01 7.284077668598376931e+01 8.044346307536798690e+01 9.203330300047042556e+01 1.120076921815981734e+02 1.033197670644575794e+02 8.516600055782323864e+01 1.033197670644575936e+02 1.020376766574360516e+02 8.225526629722591565e+01 7.198598568188903357e+01 9.152668683398469796e+01 7.804208215637687829e+01 9.779281860660974246e+01 1.108488854008968190e+02 1.121364479521844544e+02 9.231422823054178650e+01 1.093300899432755386e+02 1.009208325792155847e+02 1.067483873548159465e+02 1.044850303027192240e+02 8.459277431844805051e+01 7.494595437516561276e+01 6.775853991485446670e+01 7.661259468968617625e+01 5.661255895698012353e+01 7.302051227898508046e+01 6.034143519466277183e+01 6.637501138366913267e+01
8.741298339025506436e+01 6.725865925694506586e+01 7.479469769149420699e+01 9.493916425929828051e+01 8.932103359990456681e+01 6.927184772921803813e+01 5.509963693629727999e+01 7.514411831347263160e+01 8.621631559983136128e+01 9.290408505675520701e+01 1.004754732109757782e+02 1.087466867458734328e+02 1.202772159052660328e+02 1.132483916516446669e+02 1.049932978534355357e+02 1.132483916516446669e+02 1.103201836460372789e+02 9.153489385068431261e+01 7.872499621088633148e+01 9.852347921762414273e+01 9.194457478735252209e+01 9.194457478735252209e+01 1.119117281511253026e+02 1.121364479521844544e+02 1.062943614063015190e+02 1.204217398489230391e+02 1.208173491295427198e+02 1.266806863262918341e+02 1.127566434014305798e+02 9.696646391307028523e+01 7.730046388629273224e+01 8.713346406304417258e+01 7.918864429519672399e+01 5.923448734761053203e+01 7.917812626561057243e+01 7.185922854151648664e+01 8.632930528395614544e+01
8.069487534581836030e+01 6.065611046577853216e+01 8.069487534581836030e+01 8.983352151331686741e+01 8.858299513953888038e+01 7.192009796565365320e+01 5.189519840633037973e+01 7.193040416016378913e+01 7.774443916489754258e+01 8.309421599013009541e+01 9.065059699752835343e+01 9.884888229315181718e+01 1.087764827281519473e+02 1.270150487725289850e+02 1.188995395347659922e+02 1.235991713674284256e+02 1.199158236596147731e+02 1.068010804328536949e+02 8.853325766086967974e+01 1.068010804328536949e+02 1.119117281511251747e+02 1.119117281511253026e+02 1.201925990352159630e+02 1.321121910993456652e+02 1.262404925238120512e+02 1.226069681816237136e+02 1.144413416924776783e+02 1.226069681816237136e+02 1.110733116218933958e+02 9.112321626974402022e+01 9.112321626974402022e+01 1.004019098480911083e+02 8.182771325826475106e+01 6.190426112070709763e+01 8.182699295150455043e+01 9.191318536391305827e+01 1.003172582054928483e+02
6.457823879801502187e+01 5.574049260224511926e+01 6.980381543688196189e+01 6.980067220723647381e+01 8.039405306716221844e+01 6.036859961122782181e+01 4.881366136523720201e+01 5.272389826195572482e+01 5.772518756971106768e+01 6.307718401440664735e+01 7.065829204030067956e+01 8.069698837415552362e+01 1.006042056209012543e+02 1.155719358478377501e+02 9.898526103798793940e+01 1.037582764384092116e+02 1.235991713674284256e+02 1.167920844629204140e+02 1.085137007743786057e+02 1.167920844629004904e+02 1.210322551790448955e+02 1.210396906951387734e+02 1.292229834743648951e+02 1.280577320468587175e+02 1.166670008339182516e+02 1.084954140499349933e+02 9.467009671362693268e+01 1.127297925515449037e+02 1.193358080981202818e+02 1.110733116218933958e+02 1.110733116218933958e+02 9.208695444134816910e+01 7.211065912088052698e+01 6.462987257304837385e+01 8.453651557067620104e+01 9.331113440715789409e+01 9.732627682717534867e+01
8.399962986649242680e+01 6.980381425573476406e+01 4.993014010502645306e+01 6.479950601235840679e+01 7.312295607018151600e+01 6.588979884282441901e+01 4.588036881820281110e+01 5.586751577023572679e+01 7.581561210513525850e+01 8.309421599013009541e+01 7.725609585297918613e+01 9.718868480400297472e+01 1.087764827281519473e+02 1.074020254839339543e+02 8.736582734528249716e+01 1.074020254839339543e+02 1.125907039303392878e+02 1.207392292141585699e+02 1.268075593170543272e+02 1.070691211449004072e+02 1.012854016547244527e+02 1.012954237033265485e+02 1.178216059640839148e+02 1.198869201937069278e+02 1.001562527779609297e+02 8.864394936772525568e+01 8.465555882206379579e+01 1.045557192030523339e+02 1.142610418611996295e+02 1.224332892891034703e+02 1.063167393218141257e+02 8.619278455420756302e+01 8.986430486527463302e+01 6.992725900456618149e+01 6.966614974259624660e+01 7.332465804673164200e+01 7.725176995665967183e+01
8.397378860772793985e+01 6.393442037842617509e+01 6.483476926413656827e+01 4.498595346279685714e+01 6.022016610347009191e+01 6.012458914112544051e+01 4.349610584093898069e+01 6.347768776877798302e+01 7.581561210513525850e+01 9.547267226152939656e+01 9.718868480400297472e+01 1.053731644108818841e+02 1.151742119158969899e+02 9.522277960576595035e+01 8.097408841825476600e+01 9.846723002518996282e+01 9.261709558585451418e+01 1.125907039303392878e+02 1.174317208576856899e+02 1.063782587505214252e+02 8.719346294939245468e+01 8.979124491430756905e+01 1.096403328396279164e+02 1.195536922836409843e+02 1.081207395525873238e+02 9.703416557185292390e+01 7.702137807100881162e+01 9.703416557185292390e+01 9.446940532580821070e+01 1.110170814663584054e+02 1.146110914243817120e+02 1.063167393218141257e+02 9.564808461255807970e+01 7.561245616576070461e+01 8.959981343254379738e+01 8.740921340756091240e+01 9.732627682717534867e+01
9.228002734535672857e+01 8.397378862563195412e+01 7.312277552409562986e+01 6.022016507024297738e+01 4.039279410837137618e+01 4.018225534859166714e+01 4.471925369185073862e+01 6.469864169380129226e+01 7.781444555465144219e+01 8.449511573929144959e+01 9.282949771176784282e+01 1.030019221079396914e+02 1.096886431165169142e+02 8.963557422264773322e+01 7.535578867127021852e+01 7.835513983790269776e+01 9.846723002518996282e+01 1.119729470439240657e+02 1.092430688000593619e+02 8.936959741661060264e+01 7.818033488337052006e+01 9.237287706345772165e+01 1.122011938145549550e+02 1.113783815525781904e+02 9.154879183919979369e+01 7.995577835985621107e+01 7.194688922931507591e+01 9.203096869664192070e+01 8.290480076585187419e+01 9.643546197956452204e+01 1.046352551407286455e+02 1.160860318803740796e+02 1.020228374266759346e+02 8.186421469800546902e+01 1.020228374266759346e+02 1.075602030707725589e+02 1.101693911085540805e+02
8.438074664366243383e+01 7.610763010451809407e+01 7.133912456077513298e+01 5.133035884039799157e+01 3.727706092055500875e+01 5.719080755783265602e+01 6.469864169380129226e+01 5.176320539290462364e+01 5.779211596580191923e+01 6.446907530567268907e+01 7.449753076975314059e+01 9.453321553046018266e+01 1.099336022859270088e+02 9.045923744043993509e+01 7.028965696804954177e+01 7.069929838186882876e+01 8.373571917460940028e+01 1.009807663976186234e+02 1.125086579633651240e+02 9.301644736434940341e+01 7.293956904823936327e+01 8.682058820243520358e+01 9.505655808487955483e+01 1.065709074249118657e+02 1.014085342912087810e+02 8.145196068955338831e+01 6.713188979241911625e+01 8.729710576747172013e+01 7.386090377077313462e+01 7.641082094534755242e+01 8.803747170971267622e+01 1.079073300289166752e+02 1.103249148361256147e+02 9.611980354931631609e+01 9.611980354931631609e+01 1.162740218725454469e+02 1.178024254029298845e+02
7.543603727502647871e+01 5.609818066511457602e+01 5.977001891579163129e+01 5.309664107483092721e+01 3.558444608900413186e+01 4.962615134378234671e+01 6.962349494124140392e+01 7.177552701686998660e+01 6.810725687428301001e+01 8.449511573929144959e+01 9.282949771176784282e+01 1.029099094703586417e+02 1.020052357035762043e+02 8.202634769016337657e+01 8.369546141029204023e+01 6.354390837192922703e+01 7.259578834755589583e+01 8.427120556241548854e+01 1.043266704395784359e+02 1.012300463569549436e+02 8.682058820243520358e+01 6.663236486440878537e+01 7.836662682168035587e+01 9.836891421115885237e+01 9.756788991868445748e+01 7.755453104750272075e+01 6.315059514070544111e+01 7.834987989097837158e+01 6.551550771517658234e+01 8.573184111627749360e+01 1.046352551407286455e+02 1.079372900039200829e+02 1.161144237567759347e+02 1.162740218725454469e+02 1.162740218725454469e+02 1.245300261229350411e+02 1.260798520597056864e+02
6.715908091365719201e+01 4.718718922328962151e+01 3.982901141379738164e+01 3.321017240947151805e+01 3.815143459307003582e+01 5.805597151832956371e+01 6.588464158761638600e+01 8.581530371144877734e+01 8.809745739006824294e+01 9.636750973342662974e+01 9.947863744283390020e+01 1.073041020026563075e+02 9.210061815239463101e+01 8.278947100111280122e+01 6.554195286683018651e+01 6.013353679749728542e+01 8.032137953266560260e+01 8.986207995386654090e+01 1.079704904444282647e+02 9.716865073591635849e+01 7.713875071545614048e+01 6.271228687024998294e+01 7.713875071545614048e+01 9.716865073591635849e+01 1.033698982800935369e+02 8.341630814358229884e+01 7.834987989339742853e+01 5.790356099265430601e+01 7.834987989339742853e+01 9.265834727694625883e+01 1.008707269889313807e+02 8.807068688139264623e+01 1.046656161191822747e+02 1.161144237567759347e+02 1.246045612925233854e+02 1.163011121768983998e+02 1.246045612925233854e+02
6.497013966406636598e+01 4.500414632606797483e+01 3.096611437543830547e+01 5.085214724730738567e+01 5.805597148875711611e+01 4.592537085080184767e+01 6.588464158761638600e+01 8.410653104379908029e+01 9.406204279219677744e+01 9.632643821409764939e+01 8.041442715285951692e+01 9.632643821409764939e+01 8.400663884479070020e+01 6.531248305724551528e+01 5.545198139658596403e+01 7.514911227678226169e+01 7.229813146268668334e+01 8.925521604029067646e+01 9.923552715036275629e+01 9.109629121863402190e+01 7.096381353434216521e+01 5.905651873983683231e+01 7.472611087649700323e+01 8.302818707937480269e+01 9.291018732043990269e+01 8.974962601884169544e+01 6.957897595547809999e+01 5.492052446037435942e+01 7.548682257855168132e+01 7.256768408447447882e+01 8.645608368820423095e+01 7.644486603316298101e+01 8.807068688139264623e+01 1.079372900039200829e+02 1.109823151846709095e+02 9.619039071877445224e+01 1.145586349452786266e+02
6.343481555829414020e+01 4.347701519960439498e+01 2.943002919183754429e+01 4.347701444879113808e+01 6.343463742083088164e+01 6.588464158761638600e+01 5.590095250914342984e+01 6.590360332229931828e+01 8.583305800987943712e+01 8.847191050002952295e+01 6.904834863826322078e+01 8.847191050002952295e+01 9.209310985160509233e+01 7.369718305479723597e+01 5.255519973183028526e+01 5.819596193672254714e+01 7.380809288528331535e+01 6.934981752423344403e+01 9.081893462287330010e+01 9.932138441097724524e+01 8.641558509377179575e+01 6.616882173281162238e+01 5.413845536766097410e+01 6.433490251764091283e+01 7.862254491904040776e+01 7.780719450335467968e+01 6.946739346185867703e+01 5.205452746171967959e+01 5.630399576652036586e+01 6.071068221687706767e+01 6.626203618951740282e+01 7.800243068697902515e+01 9.800398844265640719e+01 1.050508435296720222e+02 9.081014432084113253e+01 8.603526417322736108e+01 9.774870724213562312e+01
5.838815625804667064e+01 4.781443895013105561e+01 2.791210824061537821e+01 4.781443895013105561e+01 5.165191689207036063e+01 7.164943995355687889e+01 7.586833066608942033e+01 8.410653104379908029e+01 9.406204279219677744e+01 8.160464434640392994e+01 6.173778048922740425e+01 8.160464434640392994e+01 9.374155208578706322e+01 7.297008957244037219e+01 6.875699526135946371e+01 4.863024872019444445e+01 5.337816505928353195e+01 7.216800754987421840e+01 8.049030755372470480e+01 9.211428590888415613e+01 9.465941168215806556e+01 8.204905515171601849e+01 6.167495436308086454e+01 4.958777108909018239e+01 6.618719034976459170e+01 6.632666741704819913e+01 4.875288251296235131e+01 6.351056527157862064e+01 7.681608036477878443e+01 7.518514887520089474e+01 7.738386426510891170e+01 9.468807424118475069e+01 1.061994654995786505e+02 9.671843637560318996e+01 7.638158295976415957e+01 9.671843637560318996e+01 1.078846073406113533e+02
3.844550086607439709e+01 4.428656939551527927e+01 2.640285305033634344e+01 3.173598822781632478e+01 5.165191689207036063e+01 6.935304629475089655e+01 7.936114459081547068e+01 9.695240678964162839e+01 8.574270190072060416e+01 7.561454681560452684e+01 5.515639492223648688e+01 7.561455951228317929e+01 8.398202966761216715e+01 7.472918447350980387e+01 6.676643286700385715e+01 6.170647116110226449e+01 4.493121566473065798e+01 5.200588448629886784e+01 6.364147015758742043e+01 8.381590922831871637e+01 9.459887386273490506e+01 9.031459819989110827e+01 7.862247818691049872e+01 6.618719034976454907e+01 4.549559696307155576e+01 4.563460674288755570e+01 6.632666741704819913e+01 7.780717868948549665e+01 9.210373822450993941e+01 9.523972242614024708e+01 9.741146499286588778e+01 1.056157377534183013e+02 1.057738830601021220e+02 8.554157863430128828e+01 7.109371578258428315e+01 9.146748299416617556e+01 8.767321633102962153e+01
4.230611343892301335e+01 2.434437182221144624e+01 4.270447430081287621e+01 5.150399885068844696e+01 4.109340622527444964e+01 5.105396790310015831e+01 7.108214824787576447e+01 8.907766139943034034e+01 6.949238348285612688e+01 5.737241182643573012e+01 4.903743328515867006e+01 7.014688196250003216e+01 7.502599441378396250e+01 5.313784816506817066e+01 5.853952038078249842e+01 4.165178209808743759e+01 6.170703866534164916e+01 7.216816059846279074e+01 8.049030755372470480e+01 8.864925064005134914e+01 7.446942133891141680e+01 8.443067717619504720e+01 7.611919643267135882e+01 6.337142108525734585e+01 4.276522930688305024e+01 6.337142114073427734e+01 5.606687310664489843e+01 6.646067231664734720e+01 8.085712625560483957e+01 1.008423663080650954e+02 9.465402362311012041e+01 1.027429223055413559e+02 1.011322739497828707e+02 8.085407294600148020e+01 6.642075347824513187e+01 7.325724962690641462e+01 9.286777181125695790e+01
2.231848091463428219e+01 4.045255134709302780e+01 3.877546160704529399e+01 5.931149979632830593e+01 5.520211168019667980e+01 6.935304629475089655e+01 7.936114459081547068e+01 8.445522113915076545e+01 8.217740948534195411e+01 6.478258833498730951e+01 4.319585779325370112e+01 6.486951828198785108e+01 7.173237053510814576e+01 5.241548715542368342e+01 3.853171364449573844e+01 5.853952038042066874e+01 5.801168017422276790e+01 7.225799885906526754e+01 9.237283638286511689e+01 8.036520148156661492e+01 5.996947377113375666e+01 6.746581065537911570e+01 5.565840863220834933e+01 5.941303237957132666e+01 4.117987686340700293e+01 6.171629576395508110e+01 7.067720995060112443e+01 8.487359238632026859e+01 9.494395276353738211e+01 9.166350958414054162e+01 7.560401448840850946e+01 9.166350958414054162e+01 9.680895304411180291e+01 7.650226338925168079e+01 6.207419217693059466e+01 6.412671118054822728e+01 7.307017566548047682e+01
