MOVIE_S2_data/elevation_000570.asc
nrows	100
cellsize	150.0
xllcorner	0
ncols	100
yllcorner	0
NODATA_value	-9999
[rows 34 to 50 of 100, columns 0 to 36 of 100]
2.978181695229736945e-03 2.000297818169487485e+01 3.972536286715547504e+01 4.270679200618523907e+01 4.323514681964589101e+01 5.151947232395703935e+01 4.866086328111162373e+01 4.866086328174497311e+01 6.147379239010876972e+01 6.366158754122115226e+01 6.730319436912076014e+01 5.895771314227071258e+01 4.958471261659641272e+01 6.120480948291395862e+01 8.135438828789995114e+01 7.532546499661822281e+01 5.556286217041504472e+01 4.443902789827689048e+01 3.826419017544001377e+01 5.272361692680485845e+01 5.767352559654559485e+01 3.833759087299285540e+01 5.283954191654241583e+01 4.707280136550700433e+01 6.676168516553899224e+01 8.080244554573319249e+01 6.402279858360316211e+01 7.867052845199823707e+01 8.704558521642064761e+01 7.914777154218319311e+01 6.470170406150594999e+01 5.219292609523183302e+01 3.197543238459283188e+01 3.284970439164227685e+01 3.563457874347635368e+01 5.576608038223974262e+01 6.811680040074359965e+01
1.893497408783086870e-03 2.000189349740842815e+01 1.972537658831051033e+01 2.270680056293844373e+01 2.323514556841409728e+01 3.506875723002234935e+01 2.866086324404793118e+01 4.274334615240847768e+01 4.147379644852918545e+01 4.366159241816921366e+01 6.366158745386373852e+01 7.806934901102049196e+01 6.972102384827663002e+01 7.806935393128235035e+01 8.970414990129150112e+01 8.368581461426506962e+01 7.220466735610480669e+01 6.391552093502212273e+01 5.272361692680485845e+01 3.297711621543084703e+01 4.793438698510069429e+01 4.849652593102705822e+01 3.341698391751589980e+01 4.707280136550700433e+01 6.676168516553899224e+01 7.193768956427759065e+01 5.276962574273194662e+01 5.884127832136616831e+01 7.553122514279644406e+01 7.290124833561554851e+01 5.238295369574222349e+01 3.808642938423442814e+01 2.903303601454634375e+01 4.925693569519544468e+01 5.062043195019163022e+01 5.503067069980603065e+01 5.978874229412475216e+01
9.179827644033159914e-03 2.782680808770173098e+00 5.583240976826204793e+00 8.564664946825949698e+00 1.168814018459809745e+01 1.506875720351219350e+01 1.866086324404775354e+01 2.274334614868645588e+01 2.733166082609777092e+01 4.733166116588815697e+01 5.218962113751079102e+01 6.633175699123476932e+01 8.633177160008881401e+01 8.737581059109862736e+01 9.568527826066342357e+01 8.185929015253610430e+01 7.192810165378493537e+01 6.364282500778161733e+01 6.093283738834845309e+01 4.793438648851349626e+01 2.775958261956488826e+01 2.870183786158023409e+01 4.023968426381071595e+01 5.977557984579809869e+01 6.992614367651243867e+01 6.365208725060155359e+01 4.409289865985424228e+01 4.760602566414858927e+01 6.722210555124937059e+01 7.677055448782523683e+01 5.784754586680836752e+01 4.732666483576134908e+01 2.712503948032346202e+01 4.466112211789300090e+01 3.041144703931494320e+01 3.482042081283240265e+01 3.960195415407138597e+01
6.604900230173384179e-03 2.000660489965770239e+01 1.713024636061900097e+01 2.856466497010661598e+01 2.583027580846729876e+01 2.921089282739904647e+01 3.280299886795619102e+01 3.429035153248378975e+01 4.733166116588815697e+01 3.585968948032248704e+01 4.740669486417958467e+01 6.740669945994918066e+01 8.413483932173417656e+01 6.739259655511263247e+01 8.413483932173417656e+01 7.351600279386241255e+01 5.376964722170080790e+01 4.400728959203919999e+01 5.314718663226010165e+01 4.461765621754570077e+01 2.415323393695990717e+01 4.461764045869718842e+01 5.672214689460383852e+01 6.809404450705564216e+01 5.018626286639939593e+01 5.018626286639939593e+01 3.708504898501903568e+01 5.673686980708959027e+01 7.553122514279644406e+01 7.680572262986129317e+01 5.763632045828256167e+01 4.356510488960199012e+01 4.463673736023913818e+01 2.450476719781169521e+01 4.466112776238673376e+01 5.503067069980603065e+01 5.978874229412469532e+01
5.101467937297931264e-03 2.000510146793694233e+01 3.713024635747560609e+01 4.541451706547594114e+01 4.583027591440116311e+01 4.921089291737807514e+01 5.280299893209297579e+01 5.429035154127883800e+01 6.257461962420300949e+01 4.740669486417536405e+01 6.414406114399469061e+01 7.569125062944597460e+01 7.583849658814821737e+01 5.586583871033826654e+01 7.583849658814821737e+01 8.185929015253610430e+01 6.448989765639582572e+01 4.484375143352805537e+01 3.328721266371625376e+01 4.241093263921735002e+01 2.184614572571235058e+01 4.106872340464926197e+01 5.573762593755404282e+01 4.863198939723832837e+01 4.442206421596372223e+01 3.021849301145025635e+01 5.018626286639939593e+01 6.497649183817172513e+01 6.431036661172456093e+01 6.342648352879563589e+01 5.507919908248418039e+01 4.882445122947822114e+01 4.050288167098682379e+01 2.284048061804622520e+01 4.301794610325976720e+01 5.298346854531185812e+01 6.132215604869397652e+01
5.600358222118538565e-03 1.414773598195319337e+01 3.414773598195390036e+01 4.340952022964886226e+01 4.090080212323720588e+01 4.857162487972865961e+01 5.282423870180267045e+01 6.113212838227124735e+01 7.530619966510566599e+01 6.740669787242924826e+01 7.569113580468301450e+01 8.210829022737358684e+01 6.211340177153740427e+01 4.878601497653411911e+01 6.581298977166621000e+01 7.410338250018079975e+01 7.277991944860333717e+01 5.646939179270344766e+01 3.667204450233843005e+01 2.465082318391345595e+01 1.964175307916267954e+01 3.743433961766619689e+01 4.509167838196554357e+01 2.958395369520701479e+01 2.409615934680946125e+01 4.442206421596372223e+01 5.840241571199129567e+01 6.431036661172456093e+01 4.386453304444344070e+01 4.761641340982215098e+01 3.493395323430047483e+01 3.863067472549446535e+01 2.061039298268346442e+01 4.062075221583080520e+01 2.848769796460405956e+01 3.277930854258150362e+01 5.298346854150539542e+01
4.575904209876861112e-03 2.000457590420952059e+01 2.614069656115459850e+01 2.549293174400754936e+01 2.101493982403878746e+01 3.608775422145458123e+01 3.281372652509379861e+01 4.693136413278053709e+01 5.811947449488020112e+01 7.819572896397656336e+01 8.729760240405400396e+01 7.575088387410633572e+01 6.211340210970409004e+01 4.208685758021141510e+01 4.579975815334424283e+01 6.254847624665342920e+01 7.410338250018078554e+01 6.471543710324964138e+01 5.326677000304889020e+01 4.503913414681760230e+01 3.743174250132797454e+01 1.687807406309223168e+01 3.469682361607856791e+01 1.849337225862506173e+01 3.903275197626388859e+01 5.264767520234686060e+01 6.450551842410541781e+01 6.387228128098789171e+01 4.222270849497341061e+01 2.722660951447332067e+01 3.654700943026239912e+01 1.864485931289074117e+01 1.913739132367321005e+01 4.865214817773636469e+01 4.277205276132433909e+01 5.298346854531185812e+01 3.972974773750960509e+01
4.658155261040713979e-03 3.054629561913127400e+00 6.140696561154952882e+00 9.343259637256668526e+00 1.294749041270793555e+01 2.040609377152789605e+01 4.016905854785655094e+01 3.802229042521121727e+01 5.812084102055099066e+01 6.864604692160654054e+01 7.899711303911973914e+01 5.901403380214259897e+01 4.745561147780403388e+01 3.985174986860108248e+01 3.417299573449112415e+01 4.579975815334424283e+01 6.581298977166621000e+01 7.332285941974201648e+01 5.317982836521936463e+01 5.317959782381466738e+01 4.560423857600684983e+01 3.469682361607856791e+01 1.422543130920125698e+01 1.498118083018524160e+01 3.499832148298112600e+01 5.205696258344661231e+01 4.656496169291663278e+01 5.617266662316871617e+01 4.284948114584126699e+01 3.452916992738438751e+01 1.663317044240571363e+01 3.654700941693639749e+01 3.261012596958430976e+01 5.275934424932353295e+01 6.292914079426770257e+01 6.823591823703621628e+01 4.984798882644183493e+01
5.330849696878311485e-03 2.000533084969652364e+01 2.614069656115459850e+01 2.348539526098736729e+01 3.270064701503157067e+01 1.905669743261144689e+01 2.408131639900256005e+01 3.021573510937242801e+01 4.015527482926552238e+01 5.443610589836318780e+01 7.456539505236978016e+01 7.575088387410633572e+01 6.745987686241338110e+01 4.987536255349191094e+01 2.975924472646321561e+01 4.476719072158878987e+01 5.307054712934299090e+01 6.738692264126592590e+01 4.729505723466963474e+01 3.335416492329294869e+01 2.638977540280983192e+01 3.698244756759027041e+01 3.153455998801567972e+01 1.161942541361242398e+01 2.551397816913925709e+01 3.867722559412757732e+01 3.385895883661536487e+01 4.045210562092105988e+01 2.970338105439335052e+01 1.467408023312117038e+01 3.452917367554000094e+01 4.488732040022954095e+01 5.287396435968030062e+01 6.122125539642021863e+01 7.465353114200620155e+01 7.829261325436078778e+01 6.995751497599501079e+01
9.384206039104543359e-03 1.415151982976992961e+01 3.415151982976922085e+01 4.348539526098665675e+01 4.709621023677454588e+01 3.879082464179454348e+01 3.511717356523102751e+01 5.024355651018617408e+01 4.433803340842470675e+01 6.450075047536650175e+01 7.668584278859802339e+01 6.851754486468415450e+01 6.853620811620967856e+01 4.887498940488023180e+01 3.472187131061294707e+01 2.463900633550877117e+01 4.020905377901672750e+01 4.851783679233222557e+01 6.153654649434275115e+01 5.317982836557423099e+01 3.698244751983261835e+01 1.663009510302373783e+01 1.063617978015931698e+01 1.002353264181121517e+01 2.934962948627526913e+01 1.947397084421401914e+01 3.103244172871152884e+01 3.150658032085281235e+01 1.186823312808934006e+01 3.245972289102433450e+01 4.251958949357403839e+01 5.292722200648056230e+01 6.455648945311301645e+01 6.876487618903665577e+01 5.457016593973599328e+01 6.756582571640329604e+01 7.587111703802317209e+01
9.768314284573654735e-03 2.000976831428421931e+01 3.017356403820899047e+01 3.594736004396655460e+01 4.350575536600625526e+01 5.178889290601225071e+01 5.513669742552822584e+01 6.345987864296831305e+01 6.450075047536650175e+01 7.280804228705362391e+01 6.517276577583062647e+01 4.848467873795147653e+01 6.517276577583062647e+01 6.277573801778103046e+01 5.291176120408464101e+01 4.020895358717364587e+01 2.011088281202319195e+01 3.592407928864751199e+01 4.423515620031212592e+01 4.886954472930263904e+01 3.591298484442355488e+01 2.309182485334681800e+01 9.512964816233306919e+00 2.060641812131380135e+01 1.054537847456768418e+01 1.091478881891888797e+01 1.128604718741139301e+01 1.165841110512533874e+01 1.203774236638733797e+01 1.792230366120945106e+01 2.441999901064040657e+01 3.607049903390292656e+01 5.625038245877031073e+01 5.220971667737696009e+01 4.026196298325941569e+01 4.744615364213240127e+01 5.753935239549165459e+01
9.313476842122882932e-03 5.009313476842143231e+00 1.017329127178583192e+01 1.594679396372106872e+01 2.350608343015845492e+01 3.505308469815849293e+01 5.505231822810981868e+01 6.458750193599922795e+01 5.664459062300674930e+01 6.458750193599922795e+01 5.695156421377312483e+01 3.682834044965870390e+01 5.695156421377312483e+01 5.646932096704163229e+01 4.818622346791845246e+01 4.851238037037134632e+01 3.592407926828045817e+01 1.587951220115257733e+01 3.187328872121347700e+01 3.637729301226119105e+01 2.222035233645623720e+01 9.000847315622634071e+00 2.897477300278198342e+01 3.346009026907044159e+01 2.465824124275551199e+01 3.052543424393207161e+01 2.288605846793995724e+01 3.114151866102442767e+01 3.193482156168087016e+01 1.258224261627053586e+01 2.661141971847719390e+01 4.666665704612877619e+01 4.546239854402102765e+01 3.196776227348682298e+01 4.368832973451010560e+01 6.385014771681005641e+01 7.587111703802317209e+01
1.757287057980242524e-03 2.000175728705762523e+01 3.017356403820899047e+01 3.594736004396655460e+01 3.595069557643585512e+01 5.178889290601225071e+01 6.333489265604787022e+01 5.530216886940392129e+01 3.832461402813837736e+01 5.530216886940392129e+01 4.983693022230099956e+01 2.969076425357175353e+01 4.983645790547455334e+01 4.486692526673425618e+01 2.805618979351289610e+01 4.480719746049845753e+01 4.401775516220102702e+01 3.185706084783748793e+01 1.187705661664392665e+01 2.793703657264058648e+01 8.488681610853843651e+00 1.552430142406803704e+01 1.919225954328366512e+01 3.899235934713654217e+01 4.531521956084780101e+01 5.079315689882816542e+01 4.264573677156981546e+01 4.404990921009388671e+01 3.286854556524716742e+01 1.297218310425864551e+01 3.286694390849324776e+01 3.938218724356177347e+01 2.529797585233256640e+01 4.546239854402102765e+01 6.053679446779435835e+01 7.216051572361608635e+01 7.713338401856483983e+01
1.954507115700021471e-03 7.561243984463972723e+00 1.650551793257811894e+01 2.805270769061182889e+01 4.808116468550807809e+01 6.431015057696504300e+01 5.955317779811612411e+01 4.109813631003294887e+01 2.941913509955140782e+01 4.748460232557255267e+01 4.376247346865557120e+01 2.364126334266088136e+01 4.375440547537116487e+01 3.640713938940533012e+01 1.665130266236796430e+01 2.638346412802391683e+01 2.673413836468702343e+01 2.649909483758474948e+01 2.693207514326678620e+01 7.976169464604372372e+00 2.207088483579463301e+01 3.498278864221438766e+01 3.282814450053529498e+01 3.318168989967255555e+01 5.324773415571261381e+01 5.688730769335273152e+01 3.667822433211013333e+01 2.477736238659108281e+01 1.572033588912138136e+01 1.336288123550610507e+01 2.228715452779883677e+01 1.941696958578014431e+01 3.938259634656083108e+01 5.380300932694335359e+01 6.557874091967369168e+01 7.388396220976660800e+01 6.707490548118755669e+01
9.499524778340364892e-03 2.000949952477798632e+01 3.585781030612699993e+01 4.483150678855917448e+01 5.637115393295082555e+01 5.274879064698291131e+01 4.465589906107357621e+01 4.109498513427166699e+01 2.310188960533282909e+01 4.109771228009852706e+01 3.838413147062730957e+01 1.831987501861326351e+01 3.148503435077335411e+01 3.059406460374583503e+01 1.336711168452484522e+01 6.392738913424163449e+00 6.751735768221492684e+00 7.109913114318723082e+00 7.467876489474684298e+00 2.698831322501750662e+01 3.606423536934673280e+01 5.008455740889495189e+01 5.308579896648889473e+01 5.324773415571261381e+01 6.159617662002067107e+01 6.515574470607590740e+01 5.352984569675456328e+01 4.160234664772299595e+01 2.141576894738454584e+01 3.324930723183849324e+01 1.391625798191557628e+01 3.380895717045473958e+01 4.255749119337048114e+01 5.613165027158147780e+01 4.549628366430746951e+01 5.398745674706619724e+01 5.876333087570348113e+01
7.291241591682445615e-03 1.002091697481962207e+01 2.442286369009996960e+01 4.569415874254913490e+01 4.616064608354250254e+01 3.728990099407807435e+01 2.627972012939340729e+01 2.992883924562567088e+01 1.817329460667345487e+01 3.595918348635475326e+01 4.558058350346218646e+01 3.148621871842881603e+01 1.131607481237703183e+01 2.527996083737407318e+01 5.883857633502866058e+00 2.577477858958115675e+01 2.669952072159509271e+01 1.634519199140460444e+01 1.302496998371126224e+01 1.296718907079396743e+01 3.287515975870479679e+01 4.342291323706433559e+01 4.910806800131505412e+01 5.528067123371157265e+01 6.348561388193899546e+01 6.660577807935098349e+01 4.649819598136771504e+01 3.224043588189944387e+01 4.161847402688313480e+01 4.012861339628119595e+01 2.103698992720108762e+01 1.447288205429533292e+01 2.844917244316672011e+01 4.309366454546869107e+01 3.375002240964550992e+01 3.375010275548942928e+01 4.345897336786097753e+01
1.086749991637594439e-03 2.000104154574934512e+01 3.839197562029708877e+01 4.662936055991407613e+01 3.548356871354121722e+01 1.950895369820598546e+01 2.387703735428677376e+01 1.191492411854506805e+01 2.558969404515395496e+01 3.898720215182925841e+01 3.888365595360475879e+01 2.968130253962516107e+01 6.456813820542906868e+00 5.373094547947697031e+00 2.491297268655811337e+01 2.973163537856512306e+01 4.320617134792908587e+01 3.584219113923794708e+01 3.136964110678920648e+01 3.287515975870479679e+01 1.889148058833074728e+01 2.346046290498064124e+01 2.923922712029590443e+01 3.555366628732303269e+01 4.950688502118289591e+01 6.921982421424110044e+01 6.070631330039758211e+01 4.388520994420273524e+01 5.441412640591543237e+01 3.421947386772359323e+01 4.012877781574373870e+01 2.895960066181558901e+01 1.503006888027647037e+01 3.492087375296781460e+01 3.586738250066575517e+01 1.789020466294839906e+01 2.313698649215076841e+01
