MOVIE_S2_data/elevation_000923.asc
nrows	100
cellsize	150.0
xllcorner	0
ncols	100
yllcorner	0
NODATA_value	-9999
[rows 51 to 67 of 100, columns 37 to 73 of 100]
4.882022922408413024e+01 6.827012203239034704e+01 6.661809216157789137e+01 4.518498899460634277e+01 3.468284604475365285e+01 2.798975881186828474e+01 4.760163686667435456e+01 3.580274234761512275e+01 5.615317893155678775e+01 6.689461386863828807e+01 7.171779945486242980e+01 7.966892546372208983e+01 9.080002450394049163e+01 8.864464002230413087e+01 9.682901126996829078e+01 8.878544366141765920e+01 6.900957197593758963e+01 5.758402293160914809e+01 6.679294441196491050e+01 6.213396020094424443e+01 4.231005709307238760e+01 4.714295601956754211e+01 5.374134106819338541e+01 6.121941703206406515e+01 7.265062569305415252e+01 9.243131106329259694e+01 9.103575060442095435e+01 8.584901581031178353e+01 7.021777780529576773e+01 5.021902885785601001e+01 6.365079603723329882e+01 5.698157729380882586e+01 3.914171478217480882e+01 5.933329355422915796e+01 4.757328724507821249e+01 6.659185213150242078e+01 8.346569201719920272e+01
6.232130163159300196e+01 7.076111090846723073e+01 7.505937735790139698e+01 6.288261319013658124e+01 4.488176273962308471e+01 4.830014178059447261e+01 2.986682884102495095e+01 5.021397495497554075e+01 4.213370191143285837e+01 4.677576238262476238e+01 5.183129583090336467e+01 6.353451157902178892e+01 8.289637857974190638e+01 9.508074415937946355e+01 1.045824168815298094e+02 9.697786010299819281e+01 7.736783882034627879e+01 7.736783882034627879e+01 7.901149650812651259e+01 6.402937510756864015e+01 4.422945846733751551e+01 6.403253376302714628e+01 5.772276824633677705e+01 7.751286526942590172e+01 8.920364137075648614e+01 1.006235329292291141e+02 9.173448017277519284e+01 7.163509099082193643e+01 5.751844932086530093e+01 7.021777780529576773e+01 7.262597853160160355e+01 5.393851901993519959e+01 4.672820916844102612e+01 4.016700321874607482e+01 4.089606833051563228e+01 5.514239581566753401e+01 6.802943908039959808e+01
4.256126935958290858e+01 5.410986647400282123e+01 7.398587545897322570e+01 7.523745937623539248e+01 6.651725190950875799e+01 5.164100343363056567e+01 3.126644357977602695e+01 5.164101373188535860e+01 6.184475845043347420e+01 6.689461386863828807e+01 7.171779945486242980e+01 6.097007853755799545e+01 6.802448841305655947e+01 7.770762802374194678e+01 9.666903042196749141e+01 1.053371291329234936e+02 9.300851419001769216e+01 7.321525196407893077e+01 5.920657403466016433e+01 6.594230142445317711e+01 4.616722062854805841e+01 6.595078609301796746e+01 7.751159166330037920e+01 7.171820805207565286e+01 9.150240531285622581e+01 9.862163390387492257e+01 7.846160899576214831e+01 6.691418211770991320e+01 7.752206578450858387e+01 8.584901581031178353e+01 8.097470946951352744e+01 6.392274369713471316e+01 6.623485863457821665e+01 6.030961852764841069e+01 6.100114205349076713e+01 4.193411847032594864e+01 4.833085421060314246e+01
5.184559429448781742e+01 7.076111090846723073e+01 8.224857828565950513e+01 7.722756802341760363e+01 5.973525967171047313e+01 3.951285276382371592e+01 5.136700428471238666e+01 3.332583444684263441e+01 5.389203359603170895e+01 7.133934419175918151e+01 7.934647859578487328e+01 8.041288832776086792e+01 8.718832922285479015e+01 9.508074415937953461e+01 1.045824168815291415e+02 1.069894128952453656e+02 8.721743633214789782e+01 7.321525196407893077e+01 6.910971220341114929e+01 4.931924138673947766e+01 5.020789374498131963e+01 6.999495749366661812e+01 8.429848253654908774e+01 9.150240531285622581e+01 9.970439019779705347e+01 1.069445409235174793e+02 9.531643265661277553e+01 7.846160899576214831e+01 9.531643265661277553e+01 1.019353046625151933e+02 9.329889777759443348e+01 8.562584939387312488e+01 7.867513551290238638e+01 6.610904648089140778e+01 4.617854741200602575e+01 6.198375526356554133e+01 4.300197835223476517e+01
4.826926223383105707e+01 6.807872226959055695e+01 8.305350188825792657e+01 6.342966773659777147e+01 4.914764532421570209e+01 5.973525967171047313e+01 5.522383225626860792e+01 3.479725113144905890e+01 5.525579118586271932e+01 5.124826222650352747e+01 6.791052535125800205e+01 8.204350599692719470e+01 8.857464859154056569e+01 9.663604277849462676e+01 9.600029763410124417e+01 1.038825954154583684e+02 1.012084882490295428e+02 8.550499126779776304e+01 6.569485447380336041e+01 5.169593159027720475e+01 6.999576464737963022e+01 5.630589249680997455e+01 7.610639761164904371e+01 7.926874087184187090e+01 9.325902914464886351e+01 1.130220122249053816e+02 1.069445409235174793e+02 9.862163390387492257e+01 1.018063300492188148e+02 9.019442998560532487e+01 7.444513481031808055e+01 7.827477268744088690e+01 7.036895465929408999e+01 5.046038151271501704e+01 6.610904370627437743e+01 7.129306853353368467e+01 6.299925710694490277e+01
4.798316617489066971e+01 6.778668660525821110e+01 8.305350188825792657e+01 6.342966773659777147e+01 6.917735568673884927e+01 5.910089877961470251e+01 3.853066244740991664e+01 5.509688560928251633e+01 3.738986376092358199e+01 3.925509228498636105e+01 5.388630525878188848e+01 7.067632266297466970e+01 6.895152806186199257e+01 8.245351911046391535e+01 7.684225971950874623e+01 9.600029763410124417e+01 1.037658804300522490e+02 8.414147761896572320e+01 7.394020210366952028e+01 5.412384073096817616e+01 7.394020210366952028e+01 7.610639761161267813e+01 6.309685235123775016e+01 8.289820581885498996e+01 9.953156676223582622e+01 1.094207631468030115e+02 1.169231949373192663e+02 1.052592105814652541e+02 9.346512303261312127e+01 7.337516801601478278e+01 6.197298446456437659e+01 5.837429027813160332e+01 5.498853879993427540e+01 7.036895465929408999e+01 7.868125344833184442e+01 7.269412421633241195e+01 4.935256243720796476e+01
6.338787024174916240e+01 7.594813684660908848e+01 9.102546831023754237e+01 8.305350188825792657e+01 6.767044670814846086e+01 4.739476415843166279e+01 4.156400706623043106e+01 6.200612551090293323e+01 5.788575085270267095e+01 5.976203730091985733e+01 4.202458340418844074e+01 5.246408246324812552e+01 7.205887990654247233e+01 6.296323918971515354e+01 8.245351911046391535e+01 9.452066034048714016e+01 9.798834842616895457e+01 7.840591593419404148e+01 6.464495577970677687e+01 5.661182214300837501e+01 7.644282295517750470e+01 8.853791626693994488e+01 8.289820581885498996e+01 7.154670908496558468e+01 8.144989185075138494e+01 1.012234603749582931e+02 1.086148834803879026e+02 8.835238489767129977e+01 7.674493108131473207e+01 6.789873923703881076e+01 8.186618209577260075e+01 7.239457649489793312e+01 6.902277672968023126e+01 8.321532879155374474e+01 7.689922929383770622e+01 6.664217315259692498e+01 4.673251280070541469e+01
5.616675865720785765e+01 7.581367036961744077e+01 9.141838113406844002e+01 7.189757785513759814e+01 5.772580465496906044e+01 6.767044669044230432e+01 6.204314979865426949e+01 4.607701601741219832e+01 6.643326964973672943e+01 6.480005058992463773e+01 4.437216291341154317e+01 4.785116119461549289e+01 5.206589923161900657e+01 5.727057740962442978e+01 6.727759975192142861e+01 8.097759396510603835e+01 1.000965163229606532e+02 9.229000788608695416e+01 7.795271741757092343e+01 7.644282295517750470e+01 6.049620303607797922e+01 8.033317279766741592e+01 9.276472931737357897e+01 8.298044348504001277e+01 9.133667611285483190e+01 1.094207631468030115e+02 1.072131357906433635e+02 8.694689993450769805e+01 7.535968910720555414e+01 8.789540310596086670e+01 9.624220367555278699e+01 9.247082208489263166e+01 8.907365850828456644e+01 7.887179321754520345e+01 6.858389157460929653e+01 4.863976365390652035e+01 6.077698144763945720e+01
7.007954929355686602e+01 8.398723085072865047e+01 9.141838113406844002e+01 7.189757785513759814e+01 7.761508876132785417e+01 8.241514761854121218e+01 6.959131914208309411e+01 4.937012994495709250e+01 6.959131916973711895e+01 6.480168333412242987e+01 6.480191578548064513e+01 4.784459851720674806e+01 6.813412906107858191e+01 7.692751968778856053e+01 6.623555410818357814e+01 7.983753533004558278e+01 9.867468670644372253e+01 1.086897177873919844e+02 9.434500988550138345e+01 7.452927984212473689e+01 8.033317279766744434e+01 6.472722360566625355e+01 8.456195085618931273e+01 1.027515021623823372e+02 1.109501527574812911e+02 1.193157829101359368e+02 1.155265421870051483e+02 1.019199379145702977e+02 8.165758419517520394e+01 1.019199379145702977e+02 1.050293646514696491e+02 9.676383562370223501e+01 8.444461598201306174e+01 6.752709365924052065e+01 5.055926344264782557e+01 6.858389906945070891e+01 7.689831179142464634e+01
8.591403991118306749e+01 9.789491214237490624e+01 9.944314627695069930e+01 9.141838113406844002e+01 8.314212588834604389e+01 6.351666954247568242e+01 5.439413030754766254e+01 6.382703462557946494e+01 7.767874687008971080e+01 8.455051274426094210e+01 7.563502274331283104e+01 6.751099556341213770e+01 5.142981354753567302e+01 7.195157646317095157e+01 8.504571456516555372e+01 7.733023672935794934e+01 8.798043464935578584e+01 1.057960044008227669e+02 1.025465527608469500e+02 9.434500988550082923e+01 8.765898882190225549e+01 6.782826995934320280e+01 8.765898882190491292e+01 1.011824261333493524e+02 1.099776926431107000e+02 1.215380040114155804e+02 1.162311371251089867e+02 9.599204510774208643e+01 9.599204510774208643e+01 1.102531049130776637e+02 9.676383562370223501e+01 7.685553330515563175e+01 7.922095984525849133e+01 5.890478013220182874e+01 5.193498067323422163e+01 7.201490051120620706e+01 7.659817576614955215e+01
7.618806234692307555e+01 9.573926874949857790e+01 1.125689910901095345e+02 9.330457421218260095e+01 7.959006344850966741e+01 7.810368265993568571e+01 5.832231200575601093e+01 7.240952464633333818e+01 9.153045910278888186e+01 8.847923756309911880e+01 6.923511934387769884e+01 5.509890846514350926e+01 7.155267944758874421e+01 8.011373049241611000e+01 9.760772003179175726e+01 9.538194914093827492e+01 1.035005099811312164e+02 1.133922775324973600e+02 1.071722943367143159e+02 8.738620847457514174e+01 7.593290160419476820e+01 8.765898882190491292e+01 7.344383790246607191e+01 8.231380513076447869e+01 9.369249254092770229e+01 1.132236318710341294e+02 1.245141647184133404e+02 1.162311371251089867e+02 1.162311371251089867e+02 1.044882051529212248e+02 9.614789521149145912e+01 8.268654005234607496e+01 6.307605913971942613e+01 5.500606691441057450e+01 7.201489350435103631e+01 5.464118629141212580e+01 5.660823573592875135e+01
9.265209584416092525e+01 1.040105987788685411e+02 1.118847959814450377e+02 9.262205194388164387e+01 8.501391744161632857e+01 6.546882194674626021e+01 6.546882194674626021e+01 8.501391744161632857e+01 9.985307326727972566e+01 8.353420252572426818e+01 6.416401659193850548e+01 5.995976023061714955e+01 6.002759984249829728e+01 7.137061502902157883e+01 9.000323451268485542e+01 1.024339112690591236e+02 1.088804540223995190e+02 1.172506668887868386e+02 1.153730374650631916e+02 1.027488224369310927e+02 8.294974743107250958e+01 1.014644845996094062e+02 9.326536264562477641e+01 8.046161895661469998e+01 9.037883666779498526e+01 1.043488477202716211e+02 1.239389385595519855e+02 1.142067272146683621e+02 1.058849888511844313e+02 9.614789521284528462e+01 7.602516674926305029e+01 7.842656609326188288e+01 5.849005738511401375e+01 6.107906548796492530e+01 8.102014579240128000e+01 7.470855342504133034e+01 7.662590523992265901e+01
8.318367738750313833e+01 1.028164707509272660e+02 1.062425900362571554e+02 8.698024033920029296e+01 7.322503879933698556e+01 8.501391744161632857e+01 7.429871650652451365e+01 9.301879129509046606e+01 9.373393167671456183e+01 7.465198571634303448e+01 8.353420252576530913e+01 6.483434244208571329e+01 7.954171048324488424e+01 6.521368996644004312e+01 8.452442158012659945e+01 8.518903002910461453e+01 9.361051492545595920e+01 1.013849622795848546e+02 1.201919576547674495e+02 1.109467006889162235e+02 9.286425699035119408e+01 1.109467006889162235e+02 1.062310893961199270e+02 8.644512950223862902e+01 1.062310893961199270e+02 1.181986084251067552e+02 1.201737306040991626e+02 9.996639822918423590e+01 8.560782317984309486e+01 9.306058324788860148e+01 8.191897744143884097e+01 6.200916947863124307e+01 7.842656610270414319e+01 8.102015830538594798e+01 7.098713847392139087e+01 9.105317269334499031e+01 8.770474502319680710e+01
8.318367738750313833e+01 1.028164707509272660e+02 1.062425900362571554e+02 8.698024033920029296e+01 8.698024033920029296e+01 9.262205194388164387e+01 8.554026183531644278e+01 1.016763634165343291e+02 1.015743105885351554e+02 8.428970791584077915e+01 8.876435202786994694e+01 6.975062829462824254e+01 8.876435202786994694e+01 8.452442158012659945e+01 7.057228718680273971e+01 7.598187006459836823e+01 8.215870786942065251e+01 9.596229777889689672e+01 1.150031130385014819e+02 1.208363175370994185e+02 1.126333878835109772e+02 1.208363175370994185e+02 1.132172721631901879e+02 9.345736332637416410e+01 1.132172721631901879e+02 1.241168131926749822e+02 1.140108043317171820e+02 1.056859806880381853e+02 9.306058324813500349e+01 7.294892921664596486e+01 6.599729925030662514e+01 6.824071311977478160e+01 8.824483679186991480e+01 9.940022620620787563e+01 8.094556999091288674e+01 9.940022620620787563e+01 9.849683264592462706e+01
1.028164707509272660e+02 1.111325603301170020e+02 1.142508659274624421e+02 1.062425900362571554e+02 1.062425900362571554e+02 1.118847959814456345e+02 1.048054705113507339e+02 1.128086267962268607e+02 1.031781554375881313e+02 1.031781554375883019e+02 9.392887446035987864e+01 7.511798615237955801e+01 9.392887446035987864e+01 9.760301936143314094e+01 7.925160919226402712e+01 8.420834353361894387e+01 1.015392234491149139e+02 9.596229777889689672e+01 1.150031130385014819e+02 1.280331236599664919e+02 1.197907998767779816e+02 1.280331236599664919e+02 1.214045366982809924e+02 1.048831281685582439e+02 1.214045366982809924e+02 1.158392577686597775e+02 9.553270360741650791e+01 8.534145015059858963e+01 7.825539279492983269e+01 7.166524899261061421e+01 7.090296228601305017e+01 7.521084229484742423e+01 9.537336508846898653e+01 1.094934128394221062e+02 1.011607753957771081e+02 1.094934128394221062e+02 1.011323998401226163e+02
1.059442690302632002e+02 1.062509490420017784e+02 9.794420002612801568e+01 9.535941750843689135e+01 1.036575596182845658e+02 1.043746425035695466e+02 1.003683169428505551e+02 1.086859040895263604e+02 1.220197241758227307e+02 1.070901164916272137e+02 8.847730951333410587e+01 8.341250804391604845e+01 1.012600437957194828e+02 1.060900932036242352e+02 9.029625746912019224e+01 9.762316814849056357e+01 1.109976951892472101e+02 1.150031130385014819e+02 1.228833929323165819e+02 1.181646458169891503e+02 1.001208532489328320e+02 1.181646458169891503e+02 1.242148184025369204e+02 1.246019245786550158e+02 1.328026225502026421e+02 1.241168131926749822e+02 1.140108043317171820e+02 9.969135538363288163e+01 7.943765259150885072e+01 9.174719955597527132e+01 7.598677084184583919e+01 9.537336508846898653e+01 8.791733337293285899e+01 1.082034004080086902e+02 1.183295020561521227e+02 1.066325441006475501e+02 9.277204121502029466e+01
9.765504777729131547e+01 9.794420002612801568e+01 7.824201492572964867e+01 7.570624199867307880e+01 8.457372359836848830e+01 8.457372359836850251e+01 8.061106150787902891e+01 9.722439760052684221e+01 1.112866887078432541e+02 1.149147067448374173e+02 1.070901164916272137e+02 9.362520924481447082e+01 1.091264042944343089e+02 1.169862280766991063e+02 1.091072102553280416e+02 1.164417993625756367e+02 1.147211985707584319e+02 1.065458910234263783e+02 1.147211985707584319e+02 1.099558265628553357e+02 9.053183683288918360e+01 1.099558265628553357e+02 1.044926293346351969e+02 1.184721389913100040e+02 1.298716980941452448e+02 1.371488439646992390e+02 1.199051444234559654e+02 9.969135538363288163e+01 8.612854752634991939e+01 1.016082235279782537e+02 8.129566142827447095e+01 1.016082235279812664e+02 1.022928946701378266e+02 1.165160318774430124e+02 1.100213700075736085e+02 8.967792352237756859e+01 7.805296166938340718e+01
