MOVIE_S2_data/elevation_000872.asc
nrows	100
cellsize	150.0
xllcorner	0
ncols	100
yllcorner	0
NODATA_value	-9999
[rows 17 to 33 of 100, columns 37 to 73 of 100]
4.751531723953826969e+01 3.063560197257864814e+01 5.055263653567479309e+01 4.635193691107535585e+01 2.886636885916511730e+01 3.065575450928808365e+01 3.246599167347310555e+01 4.654025306968647158e+01 6.316746965761482357e+01 6.017526873682955824e+01 8.002655866637888948e+01 8.071194329194800332e+01 6.388040789515670781e+01 6.649803004121820038e+01 8.661637712299642544e+01 8.544368459708285002e+01 6.530951084449418431e+01 5.118844661939534291e+01 5.885987246843363607e+01 6.889190093066707732e+01 8.902326398479083025e+01 8.944918529277222774e+01 8.083744657012637447e+01 7.920683692344536553e+01 5.916728918055692787e+01 4.566092747919614681e+01 6.503687924476464843e+01 7.082599768858939626e+01 6.329147994235740526e+01 6.966677834312372397e+01 8.980381711228004349e+01 9.717213921801908327e+01 1.055017589307311283e+02 1.148631802511434472e+02 1.065278729585022859e+02 1.009908924603304996e+02 8.906488382836182893e+01
4.213771857246756980e+01 5.055263653567558890e+01 3.385249295505223444e+01 5.376121811712472720e+01 4.882698381385085185e+01 4.475282012422552214e+01 5.235223240448463145e+01 3.509238889483238211e+01 4.398461940330923170e+01 6.381804831189688088e+01 7.991071823706978705e+01 9.232398503325261174e+01 8.401563799155989898e+01 8.661637712299642544e+01 9.492585654267767836e+01 8.955483129376774798e+01 6.941440796455506757e+01 5.519462722097791385e+01 7.531340138171096044e+01 8.728614726448668648e+01 8.902326398479084446e+01 1.032674980815329064e+02 8.310222736196978133e+01 6.879124240156012604e+01 6.803358118866293580e+01 4.838320307701736311e+01 4.875492400175384944e+01 5.101663857998373430e+01 5.338817260394625919e+01 7.336299645805993919e+01 8.443902520097941533e+01 7.703931821778832045e+01 9.127440671383079973e+01 1.114105250168787506e+02 1.160426692234913020e+02 9.575577279952351262e+01 8.119133680036384249e+01
5.362347080598260618e+01 6.202014421193912597e+01 4.792762351629122719e+01 3.717716472389398064e+01 5.707802899473267644e+01 6.460161199124786435e+01 5.494826925859459976e+01 5.494826925859459976e+01 3.782899684993229528e+01 5.184758108895510276e+01 6.878607056743646808e+01 7.757838408130416497e+01 8.579813436649421021e+01 9.547960844074670206e+01 1.036940099730865086e+02 9.405531258887471324e+01 7.392854837422443381e+01 5.965358300186339591e+01 7.131409094810230442e+01 9.144766624917981801e+01 1.091254544429495894e+02 9.846198476970691615e+01 7.826760932974097784e+01 6.394999455097935481e+01 5.252174654283861344e+01 6.803358798915991201e+01 6.836070020538511471e+01 7.082613550130071189e+01 7.336299645805993919e+01 5.718552915431751416e+01 6.427414662262710010e+01 8.443902520097941533e+01 9.463792817721250117e+01 1.017516685675587951e+02 1.100831972727108905e+02 1.101027858845648808e+02 9.575577279952351262e+01
7.355524238759458910e+01 7.611235469768710971e+01 5.945600879232598146e+01 3.956040025250160141e+01 5.361950622553312940e+01 7.355370198911460022e+01 7.479020877657420385e+01 6.363680406644037646e+01 4.381208857015310087e+01 4.074951369376989163e+01 6.056522753735331577e+01 5.771951687910910778e+01 7.757839723605917470e+01 7.563710338214364981e+01 9.547960844074670206e+01 9.942813268910866498e+01 7.932488067326006842e+01 6.504752741814654371e+01 8.521298686480011497e+01 9.976801397756958067e+01 1.085605546993865431e+02 9.692788990689962247e+01 8.859675585314819557e+01 7.601242636202199776e+01 5.584731282458389501e+01 6.744736014538740676e+01 8.766285961241236180e+01 8.738727507844987485e+01 6.723205293895266266e+01 7.730966400870119060e+01 6.202751494709976043e+01 6.813075547859160963e+01 7.452399036337190807e+01 8.163097228910073966e+01 9.323200046283385234e+01 1.133897516304250956e+02 1.160426692234913020e+02
8.387552772824349745e+01 7.390032703536286363e+01 6.190456542884051316e+01 4.201259323188369166e+01 5.606541604501934017e+01 7.598435337707836368e+01 7.356509972789319818e+01 5.370850840498751921e+01 6.363680406644037646e+01 6.056536126025910249e+01 4.371915772439958658e+01 6.353603369154897962e+01 6.157827102379380335e+01 8.144883855808014061e+01 8.902338980124743273e+01 9.723466378256753728e+01 9.353546216364082966e+01 7.932488067326006842e+01 7.585339333714112797e+01 9.596090272785727393e+01 1.002493544924742110e+02 8.006646160895351727e+01 6.831178017283934878e+01 6.268399019726766852e+01 6.184179713602615891e+01 8.212370703363470170e+01 9.593301485656289174e+01 8.149014548755783949e+01 8.149014548755783949e+01 8.932415016632621985e+01 6.918226393985916900e+01 6.967494948613870065e+01 8.981522760253953663e+01 1.017516685675587951e+02 1.100831972727108905e+02 1.217088033825689735e+02 1.211444187428669039e+02
7.559936449156863603e+01 5.566341338047668330e+01 4.573572134441140946e+01 6.190456542884051316e+01 5.606572411438430947e+01 7.600170617869423495e+01 6.992217257814111520e+01 6.774943889660951868e+01 8.178538357403026282e+01 6.601447830895791924e+01 4.618689319659718961e+01 5.012551547708120836e+01 5.583835274460581388e+01 6.212048768792983111e+01 6.916106880978134086e+01 8.064555817840580687e+01 1.004677206266775045e+02 9.942813268910929025e+01 8.591739842340022903e+01 1.042795330990734186e+02 1.002493544924742110e+02 8.006646160895351727e+01 8.859675585314819557e+01 7.441969529815783346e+01 7.092907629308484729e+01 7.620717769292899391e+01 9.642931107907902799e+01 9.311323252401281536e+01 1.016242053158532883e+02 9.765620993425534380e+01 7.820202869872969131e+01 7.550680145640508556e+01 9.562197926336129683e+01 1.140171327289654783e+02 1.256396651364608488e+02 1.152929209929479555e+02 1.010327326866589601e+02
8.387424602459142875e+01 6.841845897087614503e+01 4.851427285493843300e+01 6.841851025011315812e+01 7.600220937333237714e+01 8.427894495350147963e+01 8.396694387819387373e+01 8.760534698094025430e+01 8.258508314417102270e+01 6.271499968206630626e+01 4.868980464965021326e+01 6.853479030565480912e+01 7.571414770394588345e+01 8.200099886966262375e+01 8.902338980124743273e+01 9.723466378264038212e+01 1.086794537073910902e+02 1.143221180220148625e+02 1.060044070323141625e+02 1.143221180220148625e+02 1.085605546993886179e+02 9.175293693135019168e+01 1.029724032882248395e+02 9.465162717103348200e+01 8.110411786382198329e+01 9.642931107907902799e+01 1.047513373473286578e+02 1.132504103604254055e+02 1.215668343277876033e+02 1.066532881513103206e+02 8.980817805656914743e+01 8.972330067062323167e+01 8.555440778836607763e+01 9.717039121913592226e+01 1.173269390605035483e+02 1.062989377834970952e+02 8.685144881377193826e+01
7.696220324437426541e+01 6.285523130854704021e+01 5.137548347889173073e+01 7.129342058801721294e+01 8.414990344244401399e+01 9.431701720398926625e+01 1.037943842667209111e+02 9.776262827996080773e+01 8.519406853720998640e+01 6.532305513232846295e+01 5.127824373226668087e+01 7.114318080715622727e+01 8.370368942846297955e+01 8.637453522755323831e+01 9.081483445475669214e+01 9.548955525403869160e+01 1.006038842309614125e+02 1.080824682261089578e+02 1.162934754382316811e+02 1.261941038374035884e+02 1.201560957176822626e+02 1.118556767221299282e+02 1.151642449011633005e+02 1.095931148356154239e+02 1.012797316186710219e+02 1.095931148356154239e+02 1.128146379907451262e+02 1.128146379907451262e+02 1.210197712233586316e+02 1.182746950488830464e+02 1.099524175293373247e+02 1.098626491220291825e+02 9.978789840704902758e+01 1.140171327289654783e+02 1.130439658789374846e+02 9.794690032145156522e+01 7.783968911621821007e+01
7.857886375511154142e+01 5.862684366459051688e+01 7.129342058801721294e+01 5.677646423111537644e+01 6.755293894091326479e+01 8.594158951362847176e+01 1.028159598271114703e+02 8.955300071710627208e+01 6.969139111828542354e+01 5.973687263480455556e+01 7.114318080715622727e+01 5.559509527865142076e+01 7.548310835483992776e+01 6.649572301978651012e+01 7.095647059696037218e+01 7.565639459008203005e+01 8.079617327631362400e+01 8.829599481604074640e+01 9.819089792113874182e+01 1.179740385310791879e+02 1.208094835779516387e+02 1.093796418666804726e+02 9.538404966644809235e+01 1.020252073453500401e+02 1.102275063844121661e+02 1.070197274097925657e+02 9.301968359622661353e+01 9.301968359622661353e+01 1.128146379907451262e+02 1.224859935119548879e+02 1.141039813883315333e+02 1.224859935119548879e+02 1.199373998370094085e+02 1.088704718250675114e+02 9.880713124511349577e+01 8.457029661128952114e+01 7.145647776122814321e+01
6.675650573154560163e+01 7.857886375511154142e+01 8.499901417535191683e+01 7.672187337968878751e+01 6.306631485313486962e+01 7.456283063979293502e+01 9.453657494152227514e+01 9.776262827996080773e+01 8.773316156453442716e+01 6.786496175615013726e+01 8.369338891393985591e+01 6.449294357450590098e+01 6.048631020310482143e+01 6.862339778349243602e+01 8.849182591624078498e+01 9.548955525403869160e+01 9.480846294392220841e+01 9.480846294392220841e+01 1.145952689017973398e+02 1.261941038374035884e+02 1.126047896106569794e+02 9.281220354467295408e+01 8.131335299112964776e+01 8.216633657792185375e+01 9.877158178249629827e+01 9.881749150510258062e+01 7.893496355542905007e+01 9.881749150510258062e+01 1.109473999164085996e+02 1.124121915701541212e+02 9.399297885044492773e+01 1.075724155825614616e+02 1.159427689441030935e+02 1.005102905889401796e+02 8.040704636316655751e+01 7.034448986035459939e+01 6.566444353752414997e+01
7.827866628018512074e+01 9.501335130993908251e+01 1.030071371521641623e+02 8.301137022672676835e+01 6.970390836992936556e+01 7.566579074994407961e+01 8.978569360089068141e+01 1.098122761927564284e+02 9.594071897899773660e+01 7.935370342808623434e+01 9.256895928494070347e+01 7.598908756121485908e+01 7.456767959026853987e+01 8.038071163717546597e+01 8.268770239359017182e+01 1.025032718867677772e+02 1.145952689017973682e+02 1.145952689017972972e+02 1.228132050490582259e+02 1.098151265729640897e+02 1.016112006483686656e+02 1.045912858137628092e+02 8.474760275892927552e+01 7.070323146021316063e+01 8.305464973427736197e+01 9.126999961716914811e+01 7.266351722876203212e+01 8.289944095538312752e+01 1.027391141325116450e+02 1.040484801193882305e+02 8.386798804938193541e+01 8.741244749341416309e+01 1.042953139854748486e+02 1.088704718250675114e+02 9.462237615177606642e+01 7.451113218985406661e+01 6.035932312180132442e+01
9.828676614640924925e+01 1.065585761817078350e+02 1.023222436787002749e+02 8.230954415676629310e+01 8.120805239919356211e+01 9.565134383805570906e+01 1.039291618073771133e+02 1.072442930245460957e+02 1.073750988631270644e+02 9.917853426010589146e+01 1.040157506945822092e+02 9.582165828447908495e+01 9.441473267871425890e+01 1.002163960776915133e+02 1.025022145582063047e+02 1.107023705185634412e+02 1.048110763208858742e+02 1.131753123056487169e+02 1.082835563626290565e+02 9.836307756111486356e+01 8.176344998456190183e+01 9.582252779975974022e+01 8.761125866230609915e+01 8.305464973427736197e+01 6.325736830533102051e+01 7.993157102694108573e+01 6.671453544796375468e+01 7.814677479596055321e+01 9.800556899587564885e+01 9.642097106908136084e+01 7.605584938022749952e+01 7.555734836866854209e+01 9.520757131860351308e+01 1.005059332663565499e+02 9.067823671314275202e+01 7.058612655635867839e+01 5.650164892829143781e+01
1.050626358631386950e+02 1.092950847864741206e+02 1.105964492859078661e+02 9.645296712987280330e+01 1.012176445967720184e+02 1.094937473428746131e+02 1.013648588086428219e+02 8.734607231789891557e+01 1.013648588086428219e+02 9.999133680864213147e+01 1.081556220516930580e+02 1.128983521265132026e+02 1.046305798794482200e+02 1.128983521265132026e+02 1.102794046554169967e+02 1.012369137489662592e+02 8.393232749941707027e+01 1.012369137490503022e+02 1.000799295534847317e+02 8.022426375775623342e+01 7.030889228196282659e+01 8.127794571222216291e+01 6.779619893853637791e+01 7.838838575153279464e+01 5.863629660775060159e+01 6.016486312495506183e+01 7.412133269385972767e+01 9.395872721128608873e+01 1.062111279000425554e+02 9.855660376824948798e+01 7.822952719785860154e+01 6.609069080914649419e+01 8.009503786278209247e+01 8.009501224647638651e+01 8.701005933571333628e+01 6.694952605627233311e+01 5.291365817156005136e+01
9.515017457233639675e+01 8.927054625846811575e+01 1.035153883000827335e+02 1.164919307241981272e+02 1.094582817868796951e+02 9.949700760413512057e+01 9.129615259615687251e+01 7.290754057693536083e+01 9.236586463739968167e+01 7.990750577834799628e+01 9.662337687427559274e+01 1.028595006527384754e+02 8.450419231679069298e+01 1.028586018403564566e+02 1.018572218909560831e+02 8.095100153467922155e+01 7.166858155908060724e+01 9.275672506846811416e+01 1.082835483330776896e+02 9.836307756108922717e+01 8.127794571222216291e+01 6.149894086190826670e+01 5.644058693775576785e+01 6.976962800233675921e+01 5.426229304096241890e+01 7.397168434942442161e+01 8.683716274498205223e+01 9.507656034551092716e+01 1.039723906120362500e+02 1.069206891280094851e+02 9.221765652828433701e+01 7.266897876300551218e+01 5.925544940381379178e+01 7.445957860661569327e+01 7.108460772816063411e+01 6.791646555263589846e+01 4.948261625353632809e+01
8.271917206131985267e+01 7.550350493186238054e+01 9.513559780318988146e+01 1.090313406830554470e+02 1.013087615008952582e+02 8.128354369141854363e+01 7.097243573719813980e+01 6.357644854286880332e+01 7.661260935723827004e+01 6.798661882508622512e+01 8.839593155693944482e+01 9.456738609811947072e+01 7.423474880871940229e+01 9.456672830881417724e+01 9.914173948255297830e+01 8.478624624101772156e+01 6.378886222057458610e+01 8.478624624101772156e+01 9.252755170646604199e+01 9.479091096503697145e+01 8.949155876249355401e+01 8.127794571222216291e+01 6.976962800345084759e+01 5.009948535547187731e+01 6.976962800318544566e+01 7.748362914658959255e+01 6.699532163777860205e+01 7.584132173282685585e+01 8.990983001402423724e+01 1.097913247211860153e+02 9.695836953267833280e+01 7.162206256528861559e+01 7.445985426306184252e+01 5.410447666148421320e+01 5.122330742564109585e+01 4.839124740893745980e+01 4.610540790281616097e+01
6.327115310296318285e+01 6.964157461269235228e+01 8.083267629980656466e+01 1.006171086636501997e+02 1.094582817868735845e+02 9.949700760407397127e+01 9.099466506787517517e+01 7.065536682708700766e+01 5.597298603908848236e+01 7.661260935660460802e+01 9.265217216514353993e+01 8.778971197528831283e+01 6.727512875494154798e+01 8.778971197528831283e+01 9.064974302170145393e+01 6.975575711510168730e+01 5.815417341279855634e+01 7.896256263922754215e+01 7.161518971518363230e+01 7.390823453940845411e+01 9.479091096503697145e+01 8.460163080213909836e+01 6.736653760366398558e+01 4.771772681248132386e+01 5.249879470542188642e+01 5.772613527961512148e+01 7.748362914658974887e+01 9.507656559462593293e+01 1.039723914579654576e+02 1.013173019501153078e+02 1.058544674466782993e+02 8.860578193374313116e+01 6.833732015578853236e+01 6.842924869875315608e+01 7.108432662320412021e+01 6.410806909965349121e+01 4.430346500257379461e+01
5.586657252112124894e+01 7.536851182465112231e+01 9.169049985286962112e+01 9.986898535074216454e+01 1.077603954745989370e+02 9.971249209427017490e+01 8.700580050546450650e+01 6.658320707500884339e+01 5.198883087703933370e+01 6.390579067501670352e+01 8.439333602259635825e+01 8.186767613982347314e+01 6.121211201721739315e+01 8.186767613255715048e+01 8.837664544017034984e+01 6.746492788992460987e+01 5.298643832247225305e+01 6.737762589579908479e+01 5.701497393909222922e+01 7.161518971292376534e+01 9.252754823785559779e+01 7.639368339126293961e+01 5.666390742735229225e+01 4.537197086622895625e+01 6.500269193167146398e+01 7.748362914588746264e+01 8.570859846888343725e+01 8.022392985805694821e+01 8.755238525979417830e+01 8.404086878063598931e+01 1.002825004860641656e+02 9.737973322978189117e+01 8.897196245843770157e+01 8.901861330320271293e+01 8.384088725405527498e+01 6.405648628599028882e+01 6.188021757868287409e+01
