MOVIE_S2_data/elevation_000738.asc
nrows	100
cellsize	150.0
xllcorner	0
ncols	100
yllcorner	0
NODATA_value	-9999
[rows 68 to 84 of 100, columns 37 to 73 of 100]
6.612403172049464217e+01 5.822120970030570675e+01 7.841789091836115233e+01 8.440521233438335003e+01 7.108515537973491405e+01 7.329344562773860616e+01 9.004985723463202874e+01 9.830837921160652115e+01 1.083031023413139167e+02 1.178444315911774112e+02 1.095746254154812362e+02 1.125014106739300530e+02 1.066470029513386777e+02 1.088347367539436306e+02 1.171044890298720134e+02 1.245121338741159462e+02 1.157394640611523897e+02 1.008862588656426169e+02 8.119797296689506538e+01 1.008861527015724988e+02 9.395740255029680554e+01 7.426356708165305065e+01 9.395791680708242666e+01 9.290062040162656842e+01 1.016461267667975221e+02 1.130159432794603873e+02 1.330084289481834219e+02 1.301504359974421163e+02 1.218357269759188455e+02 1.192337155405169113e+02 1.275471110680469877e+02 1.114605137191499153e+02 9.173832842507279395e+01 8.554603622203721613e+01 9.572882009848832752e+01 7.622970626716752918e+01 9.572882009848832752e+01
5.184782045567619946e+01 7.202872831399609765e+01 7.832079259465528764e+01 6.998061930374366568e+01 5.679994498160237271e+01 6.319028470366832551e+01 6.993702354699942703e+01 8.003375632258385508e+01 1.000659581475487983e+02 1.062778993027038581e+02 8.951232993598905807e+01 9.244907628959610690e+01 8.656810250872378276e+01 8.876648313587007522e+01 1.045243155580559602e+02 1.045243155580559744e+02 1.227832746153878247e+02 1.091675925968255001e+02 9.252309200507866649e+01 1.091636050032750234e+02 9.989876894037303146e+01 8.108699687209848150e+01 8.154085483930136036e+01 9.290062064071587145e+01 1.126027959941629888e+02 1.297624131073145293e+02 1.413104394451624444e+02 1.307220600998505802e+02 1.224125514596341873e+02 1.198068867500950034e+02 1.281168202561248108e+02 1.197423241621638397e+02 1.051687965467390597e+02 1.051687965467390597e+02 1.013648449052059988e+02 8.184108809991745659e+01 8.592483041809322231e+01
6.631883782647261683e+01 7.256154576071202200e+01 6.423874570052346655e+01 4.989878714022996320e+01 6.153664222676903250e+01 8.169300618031759598e+01 9.004985723463202874e+01 9.830837921160652115e+01 1.083031027741091634e+02 9.799165371768505395e+01 7.785940218874499408e+01 8.636829287714171244e+01 7.228109756260111851e+01 7.769752842541367954e+01 8.443894242814280915e+01 9.451067378662413887e+01 1.145324081454698160e+02 1.206708946731952068e+02 1.123167745608112824e+02 1.142961834605764437e+02 9.393516458299735916e+01 9.989876894037303146e+01 9.129766107143848330e+01 1.094556574399345266e+02 1.208769433659950892e+02 1.172019460261359569e+02 1.255092368983697071e+02 1.224125514596341873e+02 1.022705850788825472e+02 9.965104809827649035e+01 1.141694822163813114e+02 1.224216079242682866e+02 1.250789427411672392e+02 1.175518609476385592e+02 9.772689606653591454e+01 8.912962622818162117e+01 1.055328097788835038e+02
6.719331232886553096e+01 5.886716312840236043e+01 4.413460650038642541e+01 6.423874570052346655e+01 7.836772635919545849e+01 8.997945677414062970e+01 9.070224813429391020e+01 9.897979821289212055e+01 1.104257565085173809e+02 1.005932866976468461e+02 8.047610751200222978e+01 6.616603552732543392e+01 8.636829287714171244e+01 9.782942788767452669e+01 9.415266769488290777e+01 1.127936252596194890e+02 1.227832746153878247e+02 1.187210443129845174e+02 1.202715833497122304e+02 1.228203066933839551e+02 1.142961834605764437e+02 1.192356823017104830e+02 1.109440693057890712e+02 1.192356823017104830e+02 1.138851929365893625e+02 9.703626044432783715e+01 1.138851929365893625e+02 1.138944504755272504e+02 1.081700304453732855e+02 8.793932397904669074e+01 9.400450027274285958e+01 1.083012001558742838e+02 1.283367683546880755e+02 1.258571909511352089e+02 1.170830400223366752e+02 9.885507257171225604e+01 1.170886557004297259e+02
5.886716312742880319e+01 3.884277684643492989e+01 5.886716312840236043e+01 6.498575053544151103e+01 7.037560636484134591e+01 7.646288132321288344e+01 7.056474247045773041e+01 9.070224813429391020e+01 9.035598145945847648e+01 9.035598145945847648e+01 8.285156652702686131e+01 6.263627597461588437e+01 7.695321301629107325e+01 9.709145156831645807e+01 1.141891346521742179e+02 1.224496340925427091e+02 1.128357095207066010e+02 9.867582803165176131e+01 1.002291641606862527e+02 1.143876681620975262e+02 1.266528966119778659e+02 1.183453782159425742e+02 1.183453782159425742e+02 1.201690883041645037e+02 1.055592820270856151e+02 8.533934020156613087e+01 1.055592820270856151e+02 9.371685906553631185e+01 1.014262178204273965e+02 8.118242970837654582e+01 1.013873668486737643e+02 1.096515693425890277e+02 1.179825750566540137e+02 1.280471383083041133e+02 1.270627381559350653e+02 1.187436240777131644e+02 1.270632700866643461e+02
5.146817902045522430e+01 3.542154956732219517e+01 4.006179357126532636e+01 4.486953380121246937e+01 5.020861248712106573e+01 5.627367429056804582e+01 6.794555230989993788e+01 8.809776912778858105e+01 9.035598145945847648e+01 7.018277249684126673e+01 7.870897383447280049e+01 5.930588522688990594e+01 7.362459419593228915e+01 9.378084348697868222e+01 9.734245444603868691e+01 1.056116005409312919e+02 1.024159605686774057e+02 8.444091760997208951e+01 8.599909854063082548e+01 1.060994528297685520e+02 1.183453782159425742e+02 9.819040546446274220e+01 9.819040546446274220e+01 1.088442329444749248e+02 9.167375661057546665e+01 7.820036239689912350e+01 9.631155869487812993e+01 7.942380093965593346e+01 9.111209633775899874e+01 7.629801167671737971e+01 8.267603834909284899e+01 8.943646688763297448e+01 9.958025460861313150e+01 1.197361120994749939e+02 1.391362263616056509e+02 1.274124769324479587e+02 1.190380601851480264e+02
3.157283956820155879e+01 3.702270379191547534e+01 5.702290389323304254e+01 6.498575053544151103e+01 7.037560636484134591e+01 7.646288132321288344e+01 8.477227034167501074e+01 9.638098859273750918e+01 9.865847434933405680e+01 7.870897383447280049e+01 5.849031186753533973e+01 5.610769510101067681e+01 7.633081699710507451e+01 9.391902332302508682e+01 7.702316614667739714e+01 9.388226907165260116e+01 9.392983324140355705e+01 7.433150638021842838e+01 9.449450787012804653e+01 1.143876681620975262e+02 1.183453782159425742e+02 9.819040546446274220e+01 8.388501989839701878e+01 8.865348175375228834e+01 9.167376226805392037e+01 7.150631615526691576e+01 8.376342510594625423e+01 6.782424271068448718e+01 7.094526979769246111e+01 7.763100612258770639e+01 9.785264140573117686e+01 1.096581833540440272e+02 1.179825750566540137e+02 1.280471383083041133e+02 1.308119728627632981e+02 1.104190223879242865e+02 9.846598642671612822e+01
4.307010220691257274e+01 5.693466364824498527e+01 4.589733728968715099e+01 5.346748916576833466e+01 6.355879235201485500e+01 7.785639666770579481e+01 9.796990188208299344e+01 9.243744819742127561e+01 8.412301408322696261e+01 7.196941984549376059e+01 5.175614883227188301e+01 7.196941984549376059e+01 8.465948928521949313e+01 8.556941140288594738e+01 6.532207420388546382e+01 8.556941140288594738e+01 8.908322727480688741e+01 6.891346626406283349e+01 8.908322727480688741e+01 1.001041198742478713e+02 1.101311576057661483e+02 1.062304703579839327e+02 8.602912098632788229e+01 7.437952561434289578e+01 8.719571377498822073e+01 8.376343619016056152e+01 6.364680978408672019e+01 8.376343619016057573e+01 8.519354310534485819e+01 9.785264140573117686e+01 8.931128002752856787e+01 1.010068572658091028e+02 1.211500163520021829e+02 1.332371811694619339e+02 1.128683476276000022e+02 1.128683476275999880e+02 1.071607889598969905e+02
5.715096804380427642e+01 7.028927821441142498e+01 6.011403053415039466e+01 7.365314659299616551e+01 8.197077975433261088e+01 9.204063003883500471e+01 9.835614144742362441e+01 7.822745969399323940e+01 6.392772877675661647e+01 6.924387932594937922e+01 4.905102879695792240e+01 6.924387932594937922e+01 7.718825174498321928e+01 6.884805686898380372e+01 5.816674468821447874e+01 7.516129141986826312e+01 7.848414265480695917e+01 6.399593947434264862e+01 7.165737417231638062e+01 8.177041210508643587e+01 1.018545779115751344e+02 1.145551385709387802e+02 9.885398085069201102e+01 7.866126994736566758e+01 6.705279784524392994e+01 8.097947504452523049e+01 6.111150753188604767e+01 7.532155602135885886e+01 9.549076130822635378e+01 1.137283599071756583e+02 1.095203580312592493e+02 1.178398271471591983e+02 1.294528585364182902e+02 1.273232848717282053e+02 1.068809165778300923e+02 9.225288354937816848e+01 1.009660038925695318e+02
5.997987475420717374e+01 7.156352509860745670e+01 8.029082341908726050e+01 7.333679769701836904e+01 8.166903542027377227e+01 9.017097343168511259e+01 1.042245844944632012e+02 8.412301408322697682e+01 7.332818001966091970e+01 5.312096979866849722e+01 4.643316823643932167e+01 6.659244327933019747e+01 6.496097001399894566e+01 4.865015085371769743e+01 5.175654315012794626e+01 5.494354943278503356e+01 5.826601458363559516e+01 6.592409392738798601e+01 8.612075841456618264e+01 1.001041198742478713e+02 1.101311576057661483e+02 1.157665601427991788e+02 1.071897679756209669e+02 9.554305742451364836e+01 8.097947504452501732e+01 6.085789057340142705e+01 5.863123731090128388e+01 7.284790408926588157e+01 9.300810371966008461e+01 1.096974739632051126e+02 1.013712040312112066e+02 1.096974739634263329e+02 1.213326037567694300e+02 1.257533119076899197e+02 1.052884441610553665e+02 9.064954263718038874e+01 8.031599222264669891e+01
4.318950347214661889e+01 6.324033735162122127e+01 6.772952309264013593e+01 5.319958324380659320e+01 6.171057151172733057e+01 7.826267719016168201e+01 8.989271165771130256e+01 9.018685916376718126e+01 7.002955058767462049e+01 6.416556342912004141e+01 4.404861386943422730e+01 6.416556342912004141e+01 4.474777563316490614e+01 6.496097001399894566e+01 7.196550850979141956e+01 7.516129141986826312e+01 6.996022391884530123e+01 8.611936294150433469e+01 8.022742144841669187e+01 1.003485324458791581e+02 1.098323950429647482e+02 9.556550170035315261e+01 1.017576195644511330e+02 9.112412389274824420e+01 7.096882286707462129e+01 5.674971516598692034e+01 5.620760184077015964e+01 7.042753823205903529e+01 9.058529984072302454e+01 9.056361534121590751e+01 8.115205700364377606e+01 9.283247267162187200e+01 1.130353279845008672e+02 1.235977648920310372e+02 1.196955054884877825e+02 1.044521196605458755e+02 8.381222674595944966e+01
5.997987476829705855e+01 6.185020229748013065e+01 4.763769453298110079e+01 4.165386378926552169e+01 4.980076285553845139e+01 6.140506152123378314e+01 8.156847800741114440e+01 8.429950385228548271e+01 6.411874241104271732e+01 4.985853791236230137e+01 4.172394911841907117e+01 5.860128524379680925e+01 4.204542670601891530e+01 6.228366829138842320e+01 7.985397118937038385e+01 8.889885736079517642e+01 9.012495801178276622e+01 9.840605389830568583e+01 1.003485324458791581e+02 1.086498457851216983e+02 1.014822547309998271e+02 8.126984500662443622e+01 8.156669935713313180e+01 8.156669935713313180e+01 7.299960531001690356e+01 5.288441073345833843e+01 7.299960531001690356e+01 8.467503457910542863e+01 9.056361534121593593e+01 7.038359240233297953e+01 8.977786627862889191e+01 9.812436595048669119e+01 9.511508361749136498e+01 1.153042384259470765e+02 1.116457289732971105e+02 1.128963589783449351e+02 1.010228117134622039e+02
5.535141917472132178e+01 4.703389622439002693e+01 3.352337397941467856e+01 4.503552672382313915e+01 6.511581432179048079e+01 7.826267719016168201e+01 8.226165485494409779e+01 7.389705815152180435e+01 7.836652285295869547e+01 6.464843655062655614e+01 5.631484719377297665e+01 3.859102846436814360e+01 4.003524090672338076e+01 5.026074416343924867e+01 6.029717699172197598e+01 7.467867143491541526e+01 9.482113068686308566e+01 1.021328900286865178e+02 1.021328900290918824e+02 1.104715035470839837e+02 1.029902889779386470e+02 8.277907764028232407e+01 6.852616506748294967e+01 6.142384881773830330e+01 7.101759414100476420e+01 5.091616921539475982e+01 7.101759414100467893e+01 7.486273007609079855e+01 7.836653569555825527e+01 6.403607799269660461e+01 6.960238340420218606e+01 7.860134423117887081e+01 9.881986255302243194e+01 1.055562382223778854e+02 9.102272904246594010e+01 9.860259857955358598e+01 1.013514491709275944e+02
4.154696743001331072e+01 2.725085416871454314e+01 3.856625537111861490e+01 5.860090874008174922e+01 7.345061248139150223e+01 8.212779403668858436e+01 7.052822833310450790e+01 5.352074694199788496e+01 6.243616869690109183e+01 5.410667501262729928e+01 3.633756963186453248e+01 4.346416748697631505e+01 6.242936640334439602e+01 6.399610354678690527e+01 7.985438390246932272e+01 8.890009918443125514e+01 9.263527916347290159e+01 8.198542618856900788e+01 8.198542618856903630e+01 1.021328900290918824e+02 1.011875020496682396e+02 8.094533325919553590e+01 6.931047942222727443e+01 6.032511839648361018e+01 5.323149062237056484e+01 4.898042742900538826e+01 6.906499997506271882e+01 5.474547896689721682e+01 5.823865079113790699e+01 7.836653569555825527e+01 8.977786627862893454e+01 8.385787151985222465e+01 1.040699979144454659e+02 9.706306587379648931e+01 7.646492119534740084e+01 7.800182986265105001e+01 8.641728094334301602e+01
2.251591416915378119e+01 4.154670556679086246e+01 5.533850263583098439e+01 6.693174473462913454e+01 7.330245946574336813e+01 7.380244938575813762e+01 5.351393475188001503e+01 4.192271271134278976e+01 5.193850258647146489e+01 3.417595242447224990e+01 4.225017675952414464e+01 4.643504484092797924e+01 6.018742856924556861e+01 8.047692184235690149e+01 9.288212358459692553e+01 8.671578343856637616e+01 7.245729527443391760e+01 6.769322978160865034e+01 8.198542598928875691e+01 1.021327542670110944e+02 1.095615140625438926e+02 9.787854174696977338e+01 8.884422153146698520e+01 8.045485405975398407e+01 6.706208742052504590e+01 4.706259207879275408e+01 4.996050982449828837e+01 7.005380218024370720e+01 7.836653569555825527e+01 7.095154398763641268e+01 9.112595104360433140e+01 1.040699979144454659e+02 1.123908603815407901e+02 9.860259857540543749e+01 7.800182986265045315e+01 6.354495601465243482e+01 7.528462699951758452e+01
1.937693125571463426e+01 3.925914045682208808e+01 4.823288562180511718e+01 5.319759794000012221e+01 5.319763548371472694e+01 7.171336219796150147e+01 6.289836016707282340e+01 5.053592439646379120e+01 3.204530493440346106e+01 5.193850258647146489e+01 6.187643726455790016e+01 6.639649821115946793e+01 6.050351021909528271e+01 8.062342974450271527e+01 9.263529961145397351e+01 7.245729528802172581e+01 5.815940814313879770e+01 7.836729596010999899e+01 8.086128847414991583e+01 8.920998459782154555e+01 9.644636245725699553e+01 8.804316660489789115e+01 8.609439152553730423e+01 7.756850901763179706e+01 6.537869390224898325e+01 4.531732451389373750e+01 5.426462433620859827e+01 6.585712859577542133e+01 8.601386639258471689e+01 9.112595104360433140e+01 9.112595104360433140e+01 1.113017751524044172e+02 1.047430446700197564e+02 1.036220813151899733e+02 9.225049238957565478e+01 7.528462697557287697e+01 5.489560833709405330e+01
3.674213542541089339e+01 2.006968778409945031e+01 3.995663221005506927e+01 3.326993351713101532e+01 5.299712908424012880e+01 6.331742519320090423e+01 4.275350992768387215e+01 4.843231303777747598e+01 3.058263653009346683e+01 5.046019014113858248e+01 6.822932060800101794e+01 7.722611178383387198e+01 8.062342974450271527e+01 8.894389754936892700e+01 8.602258775255889134e+01 7.331532605513795886e+01 5.312312390599197442e+01 6.658459445249799558e+01 6.067099423072140496e+01 8.086128849715571221e+01 8.804316660489789115e+01 6.688552359880662834e+01 7.291199914403630089e+01 5.682709187998403166e+01 6.175448785429161092e+01 4.380553037707392861e+01 6.386559649047189424e+01 8.272292488500924890e+01 9.435375790349027625e+01 1.053199804749413317e+02 9.675303463996191056e+01 9.869630257045567134e+01 8.422298882652557950e+01 9.571779156329762372e+01 7.576393761943508309e+01 7.351278849342398303e+01 5.318464413491248166e+01
