MOVIE_S2_data/elevation_000753.asc
nrows	100
cellsize	150.0
xllcorner	0
ncols	100
yllcorner	0
NODATA_value	-9999
[rows 34 to 50 of 100, columns 37 to 73 of 100]
9.652522585339413297e+01 7.852524954992288997e+01 9.500579689098491087e+01 1.031623592580082800e+02 9.993550645517437658e+01 8.628945203201762126e+01 6.584261512365455360e+01 7.793468617945391941e+01 6.583373420100768669e+01 8.628311965284525797e+01 8.587705297652429692e+01 6.899500459011507303e+01 6.390727952106091436e+01 8.443274007336086129e+01 1.033338966613592618e+02 1.147247490994737689e+02 1.011160572827979109e+02 8.147387261979486084e+01 8.147387261979486084e+01 8.722693531027000802e+01 9.780930577839951923e+01 7.808586614448641683e+01 6.762463487509165816e+01 8.741945797615505853e+01 1.012941279146868396e+02 1.042450550565301057e+02 8.464409093506465354e+01 1.042450550565301057e+02 1.158754436355246185e+02 1.076331676294224451e+02 1.076331676294224451e+02 1.088349207097508895e+02 1.006388579019358502e+02 8.810516444171177852e+01 7.527696228944094514e+01 5.576571184350250121e+01 7.527696228296487391e+01
7.685502929140820072e+01 6.841793999978949614e+01 7.519944068424879902e+01 9.174645978955290104e+01 9.179980622405489044e+01 7.157016109059031805e+01 5.945660426715153335e+01 5.718946404441074094e+01 7.793469175277735417e+01 7.994942843258803578e+01 7.159990450697620190e+01 5.683743375247259877e+01 7.759091991957650691e+01 7.507338286640244007e+01 8.682297289075560798e+01 1.065968212146117509e+02 9.782898137887914913e+01 8.722693531027000802e+01 6.745260248757152510e+01 8.097374221727460508e+01 1.006816706827070931e+02 8.170518475317507523e+01 6.182794731773672936e+01 7.336505499768068717e+01 9.309801300271125513e+01 9.880872573433980222e+01 7.920097285963687739e+01 9.880872573433980222e+01 1.076331676294224451e+02 8.819984508583426930e+01 8.819984508583426930e+01 9.760554414114739075e+01 8.132867798710675800e+01 8.689202230873696919e+01 6.743712137459280598e+01 5.358206210096827959e+01 6.743711255612871014e+01
5.657167628405091619e+01 7.685502397928711105e+01 6.347296884673166062e+01 8.280562403221077261e+01 9.438176074262673865e+01 8.442090884648499127e+01 6.390890388453871651e+01 5.173749855511202611e+01 6.759657810721462567e+01 6.646624670228126774e+01 5.074688792617590849e+01 6.019043530837124223e+01 8.083035898544504505e+01 9.518038456191850116e+01 1.033338966613592618e+02 1.035584591676299198e+02 8.387374417993305542e+01 6.986972460247152128e+01 6.109187071239143307e+01 8.097374221727459087e+01 8.927274732919403277e+01 7.705256060293268661e+01 5.734850770629779504e+01 7.726049898216190570e+01 9.553502463449984816e+01 8.735795809176606497e+01 7.426029924396867443e+01 9.390678751566407811e+01 1.050771668456524708e+02 8.570342794796982844e+01 7.468232120664038121e+01 8.570081256387481972e+01 7.024716195360838356e+01 8.895406406014700451e+01 7.105094932033824762e+01 5.144213391891617704e+01 7.105094932033824762e+01
5.141533619264445321e+01 6.549821480806910756e+01 5.427234446205701346e+01 6.611625070096243917e+01 8.616535665390520649e+01 9.264824441148658707e+01 8.091542280570048717e+01 6.759657810721462567e+01 4.674904518855927193e+01 4.562241533880554556e+01 6.646624670228126774e+01 7.994942843258803578e+01 7.714232424886172623e+01 9.145118357902509842e+01 1.112162302445903066e+02 9.693278984529736420e+01 8.690751313526433819e+01 7.562838992196448373e+01 5.572651190065204219e+01 7.566008854730274891e+01 7.628075408149767611e+01 6.322975542779852987e+01 5.318533903741970903e+01 7.311073792629323975e+01 8.177829006231827691e+01 6.763085258980463266e+01 7.905698816550837194e+01 9.869729388703801476e+01 1.133065867550879773e+02 1.020376443606793657e+02 8.570081256387481972e+01 6.643519321414756007e+01 6.148752449287304245e+01 7.516457891191161877e+01 6.899540149288871760e+01 4.932405596803100423e+01 6.611079905743592633e+01
6.549822611943349671e+01 4.506496976397816923e+01 6.549822611943349671e+01 7.114725483984058485e+01 9.110081263664999085e+01 9.854072888554104281e+01 7.845331437064876923e+01 6.383430316647728375e+01 6.299227480836869120e+01 4.220169864110253855e+01 5.968431071799293619e+01 6.813258546218152389e+01 8.336341151473331479e+01 9.160135693204911433e+01 1.040762469306160511e+02 8.900022945012219111e+01 7.052901881064546785e+01 5.960311027776453585e+01 5.136294659133491791e+01 7.130590351089230694e+01 6.577611684615155241e+01 4.941658086223675639e+01 6.934355812120146823e+01 5.825776920511233925e+01 6.197292897156098235e+01 8.177829006231827691e+01 9.553502461587954997e+01 1.069031881321766235e+02 1.038639834134976070e+02 9.569572959265752843e+01 9.378970409514590756e+01 8.570081256387481972e+01 7.516457891191161877e+01 5.557211050314109713e+01 5.174322855690120804e+01 6.608333325871716113e+01 4.635150610646434188e+01
5.611522475232199980e+01 4.156954741581403567e+01 5.079228328366932743e+01 6.527472538808811464e+01 8.532479651108187113e+01 8.147213719779523444e+01 7.313639064196898687e+01 7.667683580101044072e+01 6.509655895568624828e+01 5.663854349663051835e+01 3.896239151784508437e+01 5.968431071799293619e+01 6.294400703624320670e+01 8.336341151473331479e+01 9.604801858721742747e+01 7.711590153790581326e+01 6.599785385862709575e+01 5.612230519087165703e+01 4.719655899064702709e+01 6.231425397082656303e+01 4.582857002566139215e+01 6.577611686412468828e+01 7.754975752605993478e+01 7.812526024353195453e+01 8.177829006231827691e+01 8.624771750571414941e+01 9.064446935346417433e+01 9.917216136434466023e+01 9.260882035092726028e+01 7.629457693837922250e+01 8.449119472150610477e+01 9.260007444654731046e+01 8.322022159598394353e+01 7.490446543694777404e+01 6.603828253996296382e+01 4.641615983870219964e+01 4.428644304861700931e+01
5.892177187025258434e+01 3.837984741489200502e+01 5.892177187025258434e+01 7.592877427713018790e+01 8.147984568944963257e+01 6.963933644215009622e+01 5.248781311844540909e+01 6.215571408373972417e+01 4.763459183823962206e+01 3.599532329023201527e+01 5.547043790047489153e+01 4.819029624276619472e+01 6.026227605340066162e+01 8.075781989324039500e+01 9.102562060254201981e+01 8.111322742344465553e+01 7.291404569403702851e+01 6.586399620407206612e+01 5.954940954301260092e+01 4.233793999933903507e+01 6.231425397082657724e+01 7.399215645044925793e+01 8.744237006266509127e+01 7.968997180487779985e+01 7.436406763030416300e+01 6.544972561493118235e+01 7.452365993399391186e+01 8.814583142685175687e+01 8.449446888512089515e+01 6.505987679580189820e+01 6.505983794137367227e+01 7.610691857706702024e+01 8.413069065069495878e+01 7.209202300877402081e+01 5.369411862021414095e+01 4.279086826408501310e+01 6.250681250481918738e+01
4.582498626298474420e+01 3.526131033207541776e+01 4.727283855814118851e+01 6.766821582131400703e+01 7.313712497603678742e+01 5.248781369884459025e+01 4.053934933419173348e+01 5.087701433274018115e+01 3.312073279180874863e+01 4.493360698498277372e+01 6.467423334521510014e+01 6.892435771156847579e+01 7.727268198414623157e+01 8.900812606200211974e+01 8.283909643472291862e+01 6.298913887319664440e+01 5.297323006836921877e+01 4.589398654783242648e+01 3.954561502405024953e+01 5.954940954301260092e+01 7.053917229454657445e+01 7.933423956651472508e+01 7.695584299893324953e+01 5.643425600877005621e+01 5.066865957957746502e+01 7.062920469650299538e+01 6.275456086783709253e+01 7.992435765337853582e+01 8.133039668850949511e+01 7.327390191076200665e+01 5.365656866022820992e+01 5.661995755044704737e+01 6.689320274354697915e+01 6.005083682716477966e+01 6.029629509186474934e+01 4.178803727873650331e+01 5.337639327780767218e+01
3.105366000138684157e+01 5.180715889916670136e+01 6.423003750820943480e+01 6.863414460300528219e+01 6.021582338639655063e+01 5.668880649142229800e+01 4.823172847880016434e+01 3.038756389956197879e+01 4.482837923564132154e+01 5.368900112793537716e+01 6.551571510690190792e+01 8.563663066665895940e+01 8.826608036546896585e+01 9.644740017767048812e+01 9.102562069849814463e+01 8.111322741915387269e+01 6.922458925013270914e+01 4.926996591276888182e+01 3.768022323756683534e+01 5.514360865742921192e+01 6.338633192135274186e+01 6.302422286638439175e+01 6.441259779472090941e+01 6.177825656349381234e+01 4.090543466324257338e+01 6.177139742216923679e+01 5.358945063596143399e+01 6.196690849944245372e+01 6.196690840358612462e+01 6.873506061484469853e+01 6.490821651504249701e+01 4.511400291970596754e+01 5.244050742159146239e+01 3.940682673748175091e+01 4.038115522779348510e+01 5.960833487137863784e+01 6.950579508450587696e+01
2.827096521423205289e+01 4.905708259095095514e+01 6.658618824464933539e+01 6.021578596975536612e+01 3.963185819649284980e+01 4.566065653921992862e+01 2.782386032650955698e+01 4.219186163162184044e+01 5.934883221302080614e+01 7.386781382321304079e+01 8.259356148944112874e+01 8.491999976515751314e+01 6.821114026574232980e+01 8.491999976515751314e+01 8.734522996579272558e+01 7.861242796313604231e+01 7.744717969000308244e+01 6.510855482661516191e+01 4.882750524464009345e+01 3.509724189700970953e+01 5.264174654608389403e+01 5.879202305561910435e+01 4.563618306913160438e+01 5.177677020003388009e+01 3.523663005009306914e+01 5.549581422586150836e+01 6.196690478933918200e+01 4.238926563304408290e+01 5.382834097483257096e+01 4.896317295294413441e+01 5.568361739620165451e+01 5.592896325179932404e+01 3.802902653128284527e+01 5.643795287170437547e+01 6.018387336598796367e+01 4.824952885372235301e+01 6.674270979408372284e+01
2.563417702233559226e+01 3.767010649435899694e+01 5.826445955659266929e+01 6.021245635680431008e+01 3.963182513712489197e+01 2.534025447376076912e+01 4.566072440624689222e+01 5.670531862259996814e+01 7.121878558467180653e+01 8.319673489550039847e+01 7.496522589018789517e+01 7.668735532237214159e+01 5.595178994126576555e+01 7.668735532237214159e+01 7.554862253408062145e+01 5.844956102893418404e+01 7.554862253408062145e+01 7.519742900202426483e+01 6.298177307723867102e+01 5.264174654608389403e+01 3.258062426308519832e+01 5.209873752200262942e+01 5.174396244775707032e+01 3.215166016708528929e+01 3.003754165227326212e+01 5.003540380826479606e+01 5.162656781981957010e+01 5.125784067272800826e+01 3.386804704584503867e+01 3.480337965635171571e+01 3.574358340144438273e+01 3.668591105494760285e+01 5.661574945399996039e+01 4.809994816317217925e+01 6.766656840216265323e+01 6.838790965147146039e+01 5.712229251145184605e+01
2.316581033227698327e+01 3.777571322779671448e+01 5.835255368641436746e+01 5.844941567748450240e+01 3.789240691519027138e+01 2.370402384833465348e+01 3.522900114321856790e+01 4.973772518672206644e+01 7.027613049036517623e+01 7.496522586783775921e+01 5.414791267006038566e+01 6.024516251921337329e+01 4.809133041268608366e+01 6.935620234704686027e+01 6.689041829818677343e+01 4.698617093418231150e+01 6.694747216269159651e+01 7.070233335013664089e+01 6.258598936469095975e+01 5.262843149295517975e+01 3.071647641771176396e+01 4.649482060336748646e+01 4.790465529611510931e+01 2.933247845427126421e+01 4.933006110329339577e+01 3.074800872402184382e+01 3.165501582527222624e+01 3.256703832161002765e+01 5.253677901607610323e+01 5.475420800596911874e+01 5.568361767184480016e+01 4.377214053964555518e+01 6.332517327258664608e+01 6.210299742224158592e+01 6.236164196052933306e+01 8.139279171105982869e+01 7.094861423438177894e+01
4.015438537442896205e+01 4.977573089922150018e+01 5.817718186667971025e+01 4.817202739805970424e+01 3.985580387896088439e+01 2.223440775984703066e+01 3.620615515385758698e+01 5.681268083653524315e+01 7.243524252107057748e+01 6.438778857103402231e+01 6.024516251758185348e+01 3.861190862600468421e+01 6.024483026100895700e+01 7.678087896838148652e+01 5.977017214775560205e+01 3.990043772110727360e+01 5.096621725257167412e+01 5.892362246582915475e+01 4.297620661568871725e+01 4.691935998365191551e+01 2.706206325921296951e+01 4.782831060733275308e+01 2.863118340884200208e+01 4.862205407268506718e+01 5.750525635979008143e+01 5.075012652847246386e+01 3.160484477517629287e+01 4.165299360278569196e+01 5.866803636410330114e+01 7.118947728620587156e+01 7.131616095878668204e+01 5.371341533603001039e+01 7.131625037861431338e+01 8.109821691711375991e+01 8.153080730288669997e+01 8.931141506207342218e+01 9.340205850066628557e+01
2.680135025781875058e+01 3.582971823755543994e+01 4.435630035107702440e+01 3.865446285329850440e+01 2.033014769835226687e+01 3.985429009710494341e+01 4.560902918584633881e+01 5.383700598436401208e+01 6.327610697180639221e+01 4.298573507204462629e+01 4.870329358839878608e+01 3.371472571734762624e+01 5.459663023735944876e+01 6.200045118216649342e+01 5.280777300283020992e+01 4.569296380769375077e+01 3.091182632033408595e+01 4.578248117075863632e+01 4.052665368262499612e+01 2.696086683426169373e+01 2.753374834709721952e+01 2.789341362338065267e+01 4.773684571032395496e+01 4.498315472049450392e+01 6.480102169955925717e+01 5.977768536073636341e+01 5.160677985844658622e+01 3.246569573794476327e+01 4.337713322480941258e+01 6.308553139519471387e+01 8.094356525732978014e+01 7.293693147668543020e+01 8.094358349375086448e+01 9.438334160650077820e+01 9.434926616264235122e+01 8.627145009148912891e+01 8.445915917345180901e+01
2.877667781009190051e+01 3.560950193169168898e+01 1.812225133880970063e+01 1.852047431812354361e+01 1.891466366493554219e+01 3.851359827964923710e+01 2.165053466247396230e+01 4.491291341604177489e+01 5.702875656695471918e+01 4.351480831728122212e+01 2.775961104215128472e+01 4.863490000566390847e+01 6.021401239277759032e+01 4.485901565442657812e+01 2.905963236791545512e+01 2.485134721735329322e+01 2.532351909613224095e+01 2.579089934480085589e+01 2.628110957245076662e+01 4.623944951289029603e+01 4.768941539689960507e+01 3.857652690393337025e+01 4.238883252401125645e+01 6.225930797959010476e+01 7.293187213058625673e+01 6.648842741359368347e+01 5.297288316806174890e+01 3.307775850584329902e+01 5.307651387735546678e+01 6.991286135787541411e+01 6.317542385092342272e+01 7.158930392825787692e+01 7.455870712552356849e+01 7.455870712552356849e+01 8.324716688537861842e+01 6.715478785962125130e+01 6.536767521521130675e+01
1.714184756540338839e+01 1.755056444056027587e+01 1.942507899263717164e+01 3.451003072768863689e+01 3.089068065159712972e+01 1.950560646884016336e+01 1.993564560644263395e+01 3.954872433105936125e+01 4.509828619671080219e+01 3.421038815450444304e+01 2.478183383583337829e+01 4.435716163919759936e+01 4.892624736836184951e+01 3.944667185401280562e+01 2.418033912991081991e+01 4.138120367613390016e+01 4.520823021145800880e+01 4.575883361125579540e+01 2.745209302839456100e+01 4.694527172251397218e+01 5.657285387840870072e+01 5.634106932932090217e+01 6.179031646743869999e+01 7.024359243018167831e+01 7.273856143654447237e+01 5.254776175628643387e+01 3.652598693532931406e+01 3.369264453112054980e+01 5.368763797250763758e+01 5.518211138257374415e+01 4.471832855140378626e+01 6.029820635659472572e+01 5.380927666168857826e+01 7.444459783411735998e+01 7.229435235566708684e+01 5.595941693646653903e+01 5.160998363738681860e+01
3.699201387166506549e+01 3.760337147491096488e+01 2.683475381152506856e+01 4.259151980325456321e+01 3.151099082050770051e+01 3.910635153561646860e+01 3.888638585856793384e+01 2.055240513759694565e+01 2.098601030888487884e+01 2.141307697704318969e+01 2.183478490142893946e+01 4.026487009233758130e+01 4.214581814084057498e+01 2.351780071367820568e+01 4.258230238151755032e+01 3.243353941358071069e+01 5.214983517994328110e+01 5.398094493888937961e+01 4.089912767887199863e+01 2.899762641947194197e+01 4.739634413472560226e+01 5.821809742669400833e+01 6.652986226572653550e+01 7.482343867155421435e+01 7.273856143654238338e+01 5.254776175628643387e+01 5.812295217698014227e+01 4.524679243083971159e+01 3.457071501286833382e+01 3.519758040162816570e+01 3.582555724959597399e+01 4.139911424645951143e+01 6.130926893284791390e+01 6.934925397980262574e+01 5.655954044554044202e+01 4.688398879018596688e+01 6.098271947250418634e+01
