MOVIE_S2_data/elevation_001000.asc
nrows	100
cellsize	150.0
xllcorner	0
ncols	100
yllcorner	0
NODATA_value	-9999
[rows 34 to 50 of 100, columns 37 to 73 of 100]
4.283184538218416293e+01 4.388035136484915455e+01 5.813575738821622707e+01 7.847170523782638440e+01 9.075213983860361111e+01 7.062382153738738566e+01 7.431743674482893880e+01 5.952172283572343758e+01 4.552308130047984491e+01 6.540730987939166141e+01 7.802029153474967416e+01 8.807932561323404741e+01 9.291056941995148577e+01 7.590673536316444370e+01 5.599895686956762120e+01 4.209241330233059131e+01 4.455823059670239417e+01 4.886084479619714926e+01 5.692740892986979873e+01 6.692246836241223207e+01 8.704951140894787898e+01 1.025631401463225245e+02 9.299557636135779148e+01 7.885287757287750310e+01 6.123877670810087892e+01 4.713953700487918042e+01 5.798086397262304104e+01 7.211891346576742023e+01 8.313939842148411685e+01 7.757601712003339856e+01 6.930189470285233710e+01 6.437373666335020062e+01 5.610452720766191703e+01 3.720405051574434907e+01 5.701316551869558680e+01 6.004835186248151757e+01 5.464276992963288393e+01
3.775381442679278621e+01 5.813192309951166692e+01 6.409201861151103685e+01 8.441432770321613077e+01 8.521685211401411664e+01 7.431743676583566582e+01 5.429615898544493291e+01 6.213836283738714883e+01 4.232024154407635308e+01 4.971623287513332912e+01 5.962808077718819533e+01 7.974464376295338752e+01 8.445321936893891746e+01 6.428590476303573098e+01 5.834069841814882551e+01 3.864479797559965846e+01 3.838903105232179769e+01 5.814071580120452865e+01 6.940315204705231622e+01 7.941438553694854363e+01 9.537826088552549209e+01 9.108854841020406923e+01 9.272538252344232035e+01 8.953093642516394368e+01 7.476964798571505355e+01 5.768627320377422052e+01 4.404270054179736604e+01 5.490259770474732903e+01 6.902099882260435493e+01 6.930189470376619454e+01 4.935873665557667778e+01 5.519995236414847284e+01 3.630601386765091831e+01 5.247143764504533436e+01 4.770050479274081567e+01 6.756841587754848888e+01 7.360205030118113712e+01
3.464493701538372505e+01 5.533283617441373536e+01 6.929781065204132062e+01 7.771057669323795380e+01 7.689430389705862012e+01 5.687334344434092515e+01 6.054725814052540045e+01 4.292251860035303679e+01 3.944458089689297964e+01 5.921634026700829168e+01 7.802029153485064228e+01 8.807932561323404741e+01 8.222219503533327156e+01 6.209013087280254695e+01 4.817203729128871004e+01 4.080698716064286202e+01 3.389897286120637432e+01 4.128985916862457373e+01 5.110769268722760472e+01 7.108273031286060473e+01 8.515469622848475240e+01 7.087297355601086224e+01 7.236162329712671237e+01 8.673817200990845322e+01 8.369812847281157531e+01 7.011445633944946110e+01 5.476299563575048523e+01 4.089474442938030307e+01 5.777605617220621781e+01 5.583389676946642055e+01 5.430475700595057020e+01 3.542461531257637830e+01 5.432421396083411480e+01 6.351490230428694872e+01 6.756548959765149220e+01 6.172813521474322584e+01 8.172659234212440538e+01
3.161429423816684903e+01 5.266191147336466116e+01 4.889384384298019626e+01 6.594619477036640376e+01 7.145761778899230876e+01 5.996256612540944531e+01 4.073958727621134557e+01 3.553183656066563856e+01 4.941212145665418376e+01 5.916305579285369731e+01 7.888195337869112223e+01 7.395225656110686430e+01 8.265137405453575070e+01 7.634118737955709832e+01 6.526827278925127018e+01 4.541157635924559344e+01 3.153720329503337183e+01 5.122738000757946963e+01 6.938734698816220714e+01 7.941037605705309943e+01 7.507894486486026153e+01 5.665616776941054411e+01 5.806104205794751749e+01 7.659927548290873744e+01 8.674275324066695703e+01 8.139869804333164893e+01 6.876697352857335943e+01 4.934436257308681206e+01 3.739428658897182345e+01 3.534008487236432927e+01 3.456331830747936351e+01 5.357261026246020208e+01 4.342176757456095260e+01 6.330751903492002697e+01 8.098821227230446596e+01 8.172659234212440538e+01 9.002960439630942346e+01
2.866533367006886479e+01 4.639333748979142058e+01 3.670907441217489264e+01 5.751757492229368296e+01 6.314775842988219523e+01 4.330060391917030671e+01 3.196764399664645850e+01 5.168899843481575829e+01 6.352181115894892827e+01 7.714539138734149049e+01 7.032159413453656782e+01 5.277148405922667251e+01 7.026448110707784167e+01 7.437786586614438988e+01 6.703039879504633802e+01 4.892278932947329650e+01 2.927182938288861536e+01 4.311506041606681805e+01 6.294388723880567227e+01 7.316874020763870590e+01 6.672507305731512872e+01 4.674045060687190301e+01 4.811407957603814367e+01 5.807263207339879330e+01 7.858434575305484771e+01 8.888746945866112981e+01 6.917710983410268000e+01 6.497014267736140880e+01 5.698877988979106135e+01 5.284250853868091014e+01 3.396028539477960351e+01 5.369181107979024858e+01 6.330751903492002697e+01 5.274852233007482738e+01 6.428836754900808614e+01 8.424750985039440820e+01 1.002921525427250771e+02
4.639333137880661440e+01 2.475151956408075904e+01 4.639333702898468914e+01 6.593352967635965456e+01 6.340485270203575396e+01 4.354969605679433187e+01 2.963142047803064472e+01 4.936503694258880159e+01 6.692881277826027997e+01 7.511816512855213546e+01 6.151711872213877541e+01 4.007336665353651739e+01 6.151699235745914507e+01 6.703039688655549355e+01 4.744827372609049831e+01 4.668325514319582226e+01 2.721104081833397004e+01 4.358486812494855656e+01 5.181229649436964735e+01 5.317816220305397223e+01 5.317816220305397223e+01 3.933466869464209736e+01 5.070116543477237769e+01 7.074242886153257359e+01 8.715928605245763094e+01 8.801826632679788531e+01 7.496531970012824786e+01 5.608024057758720460e+01 4.369525511593040079e+01 3.315040469492441133e+01 5.132493104511861048e+01 4.997813979217932712e+01 6.976970585625659282e+01 6.428836754900808614e+01 8.098821227230446596e+01 9.250940088812099305e+01 9.225170547205753735e+01
3.786672115092478208e+01 2.234452026547049996e+01 4.397361916489128930e+01 6.201148257711170686e+01 6.116074418429123938e+01 4.129267486905891360e+01 2.734735100328967405e+01 4.710164203544162120e+01 4.712190038332234820e+01 6.692881277822154118e+01 5.385098903067735421e+01 3.135544983353169002e+01 4.377617399675164478e+01 5.230987219849497905e+01 5.307723563471750339e+01 3.351973844145511805e+01 4.208927566335061243e+01 2.466320861659342256e+01 4.356036831529230824e+01 4.790714754011889909e+01 3.348797450317339752e+01 5.317816220305397223e+01 6.750516368372770160e+01 7.909842119954964801e+01 8.060801511108836337e+01 7.914940383601019391e+01 5.856131199337354332e+01 6.230425340291620984e+01 5.224546570333377105e+01 3.256808127277273712e+01 5.224476912361647152e+01 6.419715487806992371e+01 7.801348061412129198e+01 8.424750985039440820e+01 9.250940088812113515e+01 1.050423615124300056e+02 8.578791705200417539e+01
3.830024957908568695e+01 2.013737079242807582e+01 3.270748250844200555e+01 5.375394205086507071e+01 5.894118970153306947e+01 3.908782359973982068e+01 2.511350663174512476e+01 3.319958324640828806e+01 5.291785155008253128e+01 5.735855624763381400e+01 4.657383412088140773e+01 3.994414873478096695e+01 2.048626559192106811e+01 4.044423084123408785e+01 4.111992961377156774e+01 2.322143525667713959e+01 2.249118824208126100e+01 2.290247369540479028e+01 3.339431833618071011e+01 2.834744853210951021e+01 4.790714754011889909e+01 6.147385099544311515e+01 6.949178766735670365e+01 6.134675247721370539e+01 6.134674385072565883e+01 7.629587638788122206e+01 6.231793261209310941e+01 4.327234670219861101e+01 5.104562009800351774e+01 3.195260017538804931e+01 3.627428008530998937e+01 5.597847941587050258e+01 6.855935927956522846e+01 7.489233875354246095e+01 8.245223669404082045e+01 9.064022708004210926e+01 9.946453925030175469e+01
3.888862050874057985e+01 1.797496306601758675e+01 3.831055628571127158e+01 4.763023556769300626e+01 5.610936447373922675e+01 4.280424673071387787e+01 2.299147385681582989e+01 4.021621977914017521e+01 5.088051727862085727e+01 4.172355448194200989e+01 3.089044163699469792e+01 1.988898918416218109e+01 2.728365536996473040e+01 2.108060369486650387e+01 2.149622229946601948e+01 2.190878202863063251e+01 4.152202693167004099e+01 4.249348211646731244e+01 2.349462964780384056e+01 4.307182268834692707e+01 5.616734710503222772e+01 6.036644142790057543e+01 5.314748898277717615e+01 4.179413307976483338e+01 5.715358729040714536e+01 5.741324342806633041e+01 6.245607217614082884e+01 4.390022155975753293e+01 3.480638675610494914e+01 3.129083851335484567e+01 5.451679217176294401e+01 4.292485838273701404e+01 4.858416325125825352e+01 5.486569924067914883e+01 6.245062745303708596e+01 7.663258386546695533e+01 9.650212183101288588e+01
2.727635067028184679e+01 1.505353934740335120e+01 2.348977305155010598e+01 3.222152404326298125e+01 4.854791901740860283e+01 4.058433368836735866e+01 2.090420586636444966e+01 3.787030022811553209e+01 1.854128927999829912e+01 1.892315405179251897e+01 1.930814959558802357e+01 2.365187384496380218e+01 4.117260735046261289e+01 4.073045862128836347e+01 4.110804088445340199e+01 2.748849081907022907e+01 4.518479757366161209e+01 3.750775275433060330e+01 2.391644928169689877e+01 4.348331834954170461e+01 4.675083646763381040e+01 4.393232940780093543e+01 3.359368760670000853e+01 2.856024692974800061e+01 3.817952673734437496e+01 5.609742465021872704e+01 6.123123885222559437e+01 4.218234598064404395e+01 3.030094920673237624e+01 4.856690686036763083e+01 5.673606777951854241e+01 6.279301579479909634e+01 5.912908036951785817e+01 7.489233875354246095e+01 8.245223669404082045e+01 9.064022708004210926e+01 8.967594271521070937e+01
1.467164310432338681e+01 1.503253532838457929e+01 3.153692724618467835e+01 3.801399474834537529e+01 3.857590506742801750e+01 3.674264479111528203e+01 3.035141744336996794e+01 1.798459562984660565e+01 1.939926433792766147e+01 2.996822408738940169e+01 2.692433008198733546e+01 4.336104942758825587e+01 3.017242349556246594e+01 4.971711168208504006e+01 5.347896779884876395e+01 3.706371988923876160e+01 5.337234418192768715e+01 5.016451254330767995e+01 4.286259565205796207e+01 2.451265637590172375e+01 3.094856860965358436e+01 2.572100042501415729e+01 2.615170202480471318e+01 2.657860035828267442e+01 4.578584356632327967e+01 5.390556161400444068e+01 4.890309439272318315e+01 4.804997968680135756e+01 2.962157075081412216e+01 3.093971420714846232e+01 4.365232974813370248e+01 6.347595774355361442e+01 7.909566479030976893e+01 8.729560600666243886e+01 8.380090940041650072e+01 7.550024482694175276e+01 6.962847850551700901e+01
3.043473737752891495e+01 3.485760178872173753e+01 1.554717125581597337e+01 2.843406726719081590e+01 1.661397242616745729e+01 1.700856389360258092e+01 1.741681320237556463e+01 3.712789501032874284e+01 1.932775374780366207e+01 2.617039505996315540e+01 3.799446544151713567e+01 5.374852345587597569e+01 4.971786926837105369e+01 3.717587032322602880e+01 5.657752455386659562e+01 5.657167639608356069e+01 6.486950719856488945e+01 5.861152826318804188e+01 3.985141808936441521e+01 3.954556950912691349e+01 2.510685115539645906e+01 4.463429802986572525e+01 4.142759986989042176e+01 4.274288897203584980e+01 2.717497750446789340e+01 4.583230557156976204e+01 2.834992003116649073e+01 2.876064934917783944e+01 2.934904538524815365e+01 3.907710795919813762e+01 5.511150721667864616e+01 5.991923419232448111e+01 6.485389853031935559e+01 7.360530674547025853e+01 7.550024482134878667e+01 5.541794398185466974e+01 7.550024482694175276e+01
3.573018922030562550e+01 3.250007305171043015e+01 1.593736626575026882e+01 1.606500290583732493e+01 2.275004753991311190e+01 3.668941078674726697e+01 1.832649675545179946e+01 3.727886243428130797e+01 4.599239423645166625e+01 4.353666105657119800e+01 3.471773772550989889e+01 5.282963160643986100e+01 6.449612832942784735e+01 5.657752460985035725e+01 4.517880860802674903e+01 5.638073564550379047e+01 7.545265034743859189e+01 6.677950792841069472e+01 5.671203119911359636e+01 4.656590775150949213e+01 2.655235764484990924e+01 4.667612130795747305e+01 6.185712119808952991e+01 4.736975077352763464e+01 2.922319655132180927e+01 2.776546374288082220e+01 4.320577577637448030e+01 4.806053049442611069e+01 3.636719500098630675e+01 3.014265131873039039e+01 4.954092413354107549e+01 4.126401820698522016e+01 4.556315089287931386e+01 6.532529339058081064e+01 6.880614454459632157e+01 4.878130241303136927e+01 6.880614454459632157e+01
3.899526227187140393e+01 4.246668410254981296e+01 2.249631157616632393e+01 3.509003363884726667e+01 3.836164783898730235e+01 4.639671976911096607e+01 3.792891083433695343e+01 1.981135586723652509e+01 2.186628825805951948e+01 4.882197850204061496e+01 5.284110918634900855e+01 4.718799988941018597e+01 6.648891673194789576e+01 7.120769228547652574e+01 5.206994023760387336e+01 7.120769228547652574e+01 8.336904430381198949e+01 7.195110952464928289e+01 4.976781503258535366e+01 2.863795096745663216e+01 3.878169104669599676e+01 4.560204252383179835e+01 6.472957977304487542e+01 5.335280234131440835e+01 3.327412875048703000e+01 4.757569529593155266e+01 3.992516148707718315e+01 5.636111749159838524e+01 5.443927127054823956e+01 4.778531903915610712e+01 3.096366124291999355e+01 3.156657143269622168e+01 5.114404903778529388e+01 6.036908608742736959e+01 5.715191598816635121e+01 4.310727795083131042e+01 4.932960963710269198e+01
5.516100208258315973e+01 5.052634305754105526e+01 2.841052148066571803e+01 5.052624489630172633e+01 6.333784677205408542e+01 5.595199390322372324e+01 3.603375130069712640e+01 3.968890762781362724e+01 2.159222419135051751e+01 4.152432288920878989e+01 5.909199461719926916e+01 6.648891056915221043e+01 7.460378568692716783e+01 7.911148777823052569e+01 6.319091254419100068e+01 7.911148777823052569e+01 6.736738584071399316e+01 5.911900594691306310e+01 4.593589655404794314e+01 3.017810186383008642e+01 3.729263632978084786e+01 4.670411345641139178e+01 6.381862737948165432e+01 5.946200173084878315e+01 3.857208732979987076e+01 5.941253233307724457e+01 5.924300824559806244e+01 5.803700595110313287e+01 6.456761133880139880e+01 4.469426620588593835e+01 5.047717358819667055e+01 4.148644845213303256e+01 3.244897087421458082e+01 5.209555395795061372e+01 3.735387705810729386e+01 4.150675108724689721e+01 4.587531559962543781e+01
5.473967846098643975e+01 5.735992811102934752e+01 3.575059025577748173e+01 4.669988943788681723e+01 6.755233460842659099e+01 6.429549969751722927e+01 5.302559100979707551e+01 4.283873260229669455e+01 2.292276279523262161e+01 2.743383282270686152e+01 4.261865242934666753e+01 6.450235221999716373e+01 8.655184199923328947e+01 9.009500059775623981e+01 8.215881486140641243e+01 7.306266028071277674e+01 5.335994438187042022e+01 3.959744307612623970e+01 3.256505646401337373e+01 5.039109700314869400e+01 5.752904491962317479e+01 6.319732670055336854e+01 7.169878537239458183e+01 6.834692011585786986e+01 4.763109989949110457e+01 5.315361562467474954e+01 7.469195458412464461e+01 7.671794444210394204e+01 7.296722806941946260e+01 6.466933165197181665e+01 5.730349747459732868e+01 3.754764466261022449e+01 5.209598143216665278e+01 3.336566586225264075e+01 5.306720987990416916e+01 6.139117588734880115e+01 6.586004037674572942e+01
4.645500728477755814e+01 6.473734459699720389e+01 4.387154348788993019e+01 6.473734459730502522e+01 7.577482672596779878e+01 5.879510973669251683e+01 3.889339767684676019e+01 2.485950575868715617e+01 4.280337808070029126e+01 4.901233627843686946e+01 5.699458901773816422e+01 5.932486326430525736e+01 7.458633617113324021e+01 8.295257275726628166e+01 9.463814516238825547e+01 7.525662031572733213e+01 5.550652619788644415e+01 5.913073656242241327e+01 5.261784293053659667e+01 3.511805652935658628e+01 4.358151987742329680e+01 5.541283030927020548e+01 7.609482908589416184e+01 7.790962735241811288e+01 5.983161706651916489e+01 7.469195458412464461e+01 8.356561045115161335e+01 8.938798953725907381e+01 7.716362137057291193e+01 5.705626072540176352e+01 4.299783050928993333e+01 5.730349747459732868e+01 6.128419151092724348e+01 5.275709614104943057e+01 3.433036287921265739e+01 5.407344369735019995e+01 6.337368203569558034e+01
