MOVIE_S2_data/elevation_000403.asc
nrows	100
cellsize	150.0
xllcorner	0
ncols	100
yllcorner	0
NODATA_value	-9999
[rows 51 to 67 of 100, columns 0 to 36 of 100]
8.392818110607037224e-03 1.415052844184168279e+01 3.415052844184238978e+01 4.723830716230087035e+01 4.509095903053470522e+01 4.054574355463071811e+01 2.203228353652532334e+01 4.054574356208956942e+01 4.717569071382828838e+01 4.017622921415526349e+01 5.370677003025888041e+01 4.878680230828702946e+01 2.903771657736144363e+01 1.703616696081044424e+01 3.228806694505438912e+01 3.648458326164269749e+01 2.954613821014051567e+01 1.084016863850170331e+01 3.090767763730046269e+01 3.199830680755598777e+01 2.892509859084140800e+01 2.532958849757443787e+01 1.187857741897217423e+01 1.333619691701274945e+01 3.353587829674731324e+01 4.642189977289919511e+01 4.941108115900657793e+01 4.751792517432325269e+01 2.612440919962844177e+01 1.713008013630295778e+01 3.734908898593630511e+01 2.728561605090884257e+01 3.340676200375645521e+01 4.491264402154036617e+01 6.518405517368505286e+01 7.507400134311103557e+01 5.592772431465180460e+01
9.749586777120887796e-03 8.954021496776356059e+00 1.895402149677653370e+01 3.309615712310480973e+01 5.309615961864805911e+01 4.926635270107256304e+01 4.054574356208956942e+01 3.016723239820482760e+01 5.018049087544734732e+01 5.920245127042340272e+01 5.430580352375982756e+01 3.497372172504692855e+01 2.325104125781899356e+01 3.738506065825932723e+01 3.738506065825932723e+01 4.787114458910516390e+01 2.839305153350648681e+01 1.334970983052144078e+01 2.672880266547728212e+01 4.822975030102180227e+01 3.960469886811275586e+01 1.904575127314627991e+01 3.295623556857881198e+01 3.354158675307588311e+01 1.816237472321490642e+01 3.250745259528984832e+01 5.317792542586659010e+01 5.207469514993658777e+01 3.514593904112264511e+01 3.734784784105300304e+01 1.919603531270588803e+01 3.942323449767917509e+01 5.293725730333363799e+01 4.754273729107308810e+01 6.781501679747597677e+01 7.754487168883646575e+01 5.841694760679720844e+01
8.728394755072454644e-03 2.000872839475471565e+01 3.044303836768859028e+01 3.639957172009098940e+01 4.332848469165782035e+01 5.152237415029077283e+01 5.843512312213466942e+01 4.380115847222303671e+01 4.395797265553859745e+01 6.638503614415759557e+01 6.224389157388068128e+01 4.752732591967986764e+01 2.799658795588801397e+01 4.752732591967986764e+01 5.691340023445323482e+01 5.019029435407490780e+01 3.700305711543195741e+01 1.606473632410816776e+01 3.700306530966913954e+01 5.591904507723921114e+01 4.640851719238980166e+01 2.547734832250358039e+01 4.640851719238983009e+01 4.236111258550938174e+01 2.188491768548085759e+01 3.361086805322545956e+01 5.431416890593504831e+01 6.162819814101272442e+01 5.164644863478936543e+01 4.094753856402379455e+01 2.076463786871851269e+01 2.341533861636674629e+01 5.233397787321200667e+01 6.781501679759097101e+01 7.619505457957563976e+01 8.551105268446779917e+01 7.754487168883632364e+01
2.389047986999138715e-03 5.166315868520901411e+00 1.051098770636933111e+01 1.653728754590029482e+01 2.358844795595710409e+01 3.497271765891148476e+01 5.428293672265461112e+01 6.558156168219764481e+01 6.638503614415759557e+01 7.527126723304445477e+01 7.052400303264997206e+01 5.217180572056419408e+01 3.309808614890920353e+01 4.984602346944244289e+01 6.207251963145243678e+01 3.787234096894537316e+01 2.009123697808448483e+01 3.442272203062582747e+01 3.013293189979468778e+01 4.888107835896451547e+01 5.496325426684951054e+01 3.504858437879570943e+01 5.496325426684951054e+01 4.655328111008820713e+01 2.599731465148223819e+01 4.655328111008820713e+01 6.285159818635419526e+01 6.345807654267324693e+01 4.453230796772573541e+01 2.313343631906417741e+01 2.511886401077806852e+01 3.951645951839810778e+01 5.700985884260208536e+01 7.149000270458218154e+01 7.965261461162614864e+01 9.120591025564687016e+01 7.732837051940310857e+01
9.035844539165390626e-03 2.000903584453881123e+01 3.044303836768714788e+01 3.639957172008377029e+01 4.332848469003565128e+01 5.152018048604917766e+01 6.232906494690788435e+01 6.036217982796048886e+01 6.941601328732015475e+01 7.491848816473604700e+01 5.712260109739087000e+01 4.425303196038804288e+01 4.111557297997279647e+01 5.589851648060037803e+01 6.746253724948873298e+01 4.341611700266654594e+01 2.607746588336983251e+01 2.467595955884221581e+01 4.440515667112828169e+01 4.725419379863595992e+01 6.345788515213794767e+01 5.041280585615695742e+01 6.508104848129653419e+01 5.101383376475939713e+01 3.040796181260119013e+01 4.226232810929910499e+01 6.313255913994974833e+01 5.504346035041312035e+01 3.480949008517470133e+01 2.480335990947328639e+01 4.456979293313574431e+01 3.134494646949897856e+01 5.091969362574452163e+01 5.212622048799730123e+01 7.149000270458218154e+01 8.293292631477100940e+01 6.282182382492617734e+01
9.762552285145669959e-03 2.000976255218912314e+01 2.269765610012523638e+01 4.269750031658129785e+01 4.667982988125267951e+01 4.853352860425577120e+01 5.473007820480907526e+01 3.877279358734938342e+01 5.485479098684933774e+01 6.378402362636040834e+01 7.052400303264997206e+01 6.270433167803026464e+01 5.050066710325413766e+01 6.768023412218373380e+01 6.760904779897293793e+01 5.119327701957035259e+01 3.281377205420170640e+01 2.794985582193547557e+01 4.756527117155167161e+01 6.068802351688509589e+01 7.243598092142950406e+01 7.153728187544689376e+01 6.812763552622757857e+01 4.726382993389451315e+01 3.605297596979880836e+01 5.685536845629797398e+01 7.161436611052610601e+01 6.344935127928591356e+01 4.662487135273734395e+01 2.648791233437706794e+01 4.662487160771519257e+01 4.523495287397359732e+01 3.834368525994992183e+01 5.212622048799730123e+01 7.149000270458218154e+01 8.534958387062141583e+01 7.843699190051619041e+01
8.769847284209264732e-04 2.697676434581383731e+00 2.269765610026880864e+01 2.951531512516687883e+01 2.667274204469166676e+01 2.949149850789761373e+01 3.918975064514263096e+01 2.788601200058471008e+01 3.675090821804101893e+01 4.973284619763280290e+01 6.948036215033620522e+01 7.707605131794184672e+01 6.355429777574914851e+01 6.865557999522458488e+01 5.163954385720537488e+01 4.306213607892665607e+01 4.796593814833933322e+01 3.338012376910834433e+01 3.389444401672660945e+01 5.295696683093036938e+01 6.413725727450295722e+01 7.195095406799782722e+01 7.655758326540147607e+01 6.315092877759879997e+01 4.224333161741043341e+01 6.315092877759879997e+01 7.173521542421765673e+01 5.146998603292653485e+01 3.714900822935681646e+01 2.818045721975509821e+01 4.834811681742416312e+01 6.464387184692739652e+01 5.779774098981555142e+01 4.813396634712051281e+01 5.777415154790120511e+01 7.714887971713585557e+01 8.672016654793711155e+01
6.221065917130529088e-03 2.000622106591677607e+01 6.658266606488064454e+00 9.515409463630897235e+00 1.253052290940850710e+01 1.569280056957686043e+01 1.917436702537442628e+01 2.395996616014151215e+01 4.375151388847552880e+01 5.737562322411572069e+01 6.558256299538420819e+01 7.440606654774327922e+01 8.248266749896089323e+01 6.865557999522458488e+01 6.760904779903933104e+01 5.920169830879433448e+01 4.118696033628724962e+01 5.399758479493633700e+01 5.295696683093036938e+01 4.017118768693721620e+01 4.598438512929242705e+01 5.874283850756303593e+01 7.716053622276932344e+01 7.054972567734007782e+01 4.958612650022981683e+01 7.054972567734007782e+01 7.765044086633891141e+01 5.740552820022085712e+01 5.012018584414430933e+01 2.991818629433657151e+01 4.418199006148995522e+01 6.445626059333767444e+01 7.560019624252056758e+01 6.746151563251854100e+01 7.560019627584836144e+01 8.534958387062141583e+01 9.829246929541984912e+01
9.675647279733478462e-03 2.000967564727270087e+01 2.665820658732428683e+01 2.106241440557848676e+01 3.253038307577267574e+01 2.569280038768649987e+01 2.917906827928127100e+01 4.375151388847552880e+01 3.153380820502710691e+01 3.776847952470849634e+01 4.650369837970185216e+01 6.036535139516752935e+01 8.018774200279723630e+01 8.688915902580812656e+01 7.440175996604064323e+01 5.603160070450011432e+01 4.775249721787847790e+01 6.577423381683490788e+01 6.471374811108569247e+01 4.656438493598543715e+01 6.413725727450295722e+01 5.739049325163234982e+01 7.574681367240052055e+01 7.891716615412465785e+01 6.175480928574008743e+01 7.891716615412465785e+01 7.450725075230937477e+01 6.414474722664466810e+01 5.192286848632975449e+01 3.169026806352538372e+01 5.192290174830912974e+01 5.800720445825735538e+01 6.639403745728027673e+01 8.072215014254832965e+01 8.010225671357119381e+01 8.845843338042661230e+01 8.987280801482185666e+01
8.858006633845233110e-03 2.000885800663348846e+01 3.759602778032260062e+01 4.106219224380562594e+01 4.934527053639531857e+01 3.723979837429006068e+01 4.920043301100417921e+01 4.920043301100420052e+01 4.287100917045756887e+01 5.737562322411572069e+01 6.558256299538420819e+01 7.440606654774339290e+01 7.352047351962947630e+01 8.179828201052697523e+01 8.237681925957225815e+01 7.363770124062966715e+01 5.659721973902328784e+01 7.363770124062966715e+01 7.253656436864390855e+01 5.696433278957015034e+01 6.131363642391879409e+01 7.020009137390627529e+01 8.373061431436784119e+01 9.053485994982763430e+01 8.244815583911127987e+01 8.101280966576375420e+01 6.005780279401969324e+01 4.560895036836642191e+01 3.548290876259734716e+01 5.192290044718734521e+01 3.518220325295636997e+01 3.772081106223178892e+01 5.206592477127343699e+01 6.465342412043119680e+01 5.982449126100090098e+01 7.557498686960663292e+01 6.965263543887367348e+01
1.018086960643932535e-03 8.956788023904495688e+00 2.323334875119335763e+01 4.357266503160613524e+01 5.241985900484386462e+01 5.723879087536543153e+01 6.551927594567602853e+01 6.921363036104639832e+01 6.251917217224436030e+01 7.074103543641633962e+01 7.610619394969397433e+01 7.025804595697003663e+01 5.353059216804266640e+01 7.025804595697003663e+01 8.173716459711233995e+01 8.295745004055609684e+01 7.495124789464662740e+01 8.295745004055609684e+01 8.327981498949588968e+01 7.529964630475231502e+01 7.984251018745221984e+01 8.786736904598087960e+01 9.726113725482947814e+01 1.008970965448546906e+02 8.922897944738993203e+01 8.086500850583588829e+01 7.369871644238376973e+01 5.862470038414793549e+01 3.833431360589878523e+01 5.862470005868954814e+01 4.950999002773857427e+01 5.797355323925839343e+01 4.150959238899624637e+01 4.434731837589852432e+01 4.805596262030076815e+01 5.526658737556545731e+01 6.965263543887367348e+01
2.494342646960768899e-03 2.000249434264660664e+01 3.620428640525307884e+01 3.625476881150837727e+01 3.262174769497730864e+01 5.241985900484301908e+01 6.843516397148566455e+01 8.258177970359464837e+01 7.284360090913828856e+01 6.456509616706384236e+01 5.611642621505807682e+01 6.197931014022209695e+01 4.198992360109962618e+01 6.197931014022209695e+01 6.173985806804872567e+01 6.541715019341924631e+01 6.541840800666207656e+01 7.371968716563362989e+01 8.278034250239971925e+01 8.278034250239971925e+01 9.104556313147310220e+01 9.535744194453491218e+01 1.036143122964178502e+02 9.254294809749453066e+01 7.231616339702156893e+01 6.059567364971476877e+01 5.340518851103480813e+01 4.697972131259292183e+01 4.170587283534820244e+01 6.200846589390786079e+01 6.979488451834322404e+01 5.586989199245287097e+01 6.181000077394637771e+01 6.465342412043119680e+01 5.108716551449521148e+01 5.488860147852467009e+01 7.527741805789949581e+01
6.187401196855389120e-03 2.000618740119649885e+01 2.719521413044851954e+01 1.639801016588966931e+01 3.625476881150812858e+01 4.033614113058078487e+01 5.428854817501415653e+01 6.824762357107591981e+01 6.456509616706384236e+01 4.457189932731814253e+01 4.197732611665627900e+01 5.491199475343584879e+01 3.491562264238616109e+01 5.491199475343584879e+01 4.730533118804986259e+01 4.542693739976194678e+01 4.542694729404733067e+01 6.541791006225814442e+01 6.279229047289383914e+01 6.279229047289383914e+01 8.278034250239971925e+01 7.537365902086885683e+01 8.898081622516031075e+01 9.724295752438102625e+01 8.922897944738993203e+01 8.086500850583588829e+01 6.859665758022697446e+01 4.829048703753230143e+01 6.200846589390786079e+01 4.937885090200882843e+01 6.968253846306735966e+01 7.614204872102527588e+01 7.614204872102527588e+01 7.614965497848334053e+01 5.596719108291057410e+01 7.527741805789949581e+01 6.245577503782732975e+01
2.476637442850607596e-03 4.366825439020971089e+00 8.838968388366952311e+00 2.783880891057261309e+01 2.636536944373025193e+01 4.613483089030570028e+01 6.238766586702044492e+01 4.824838849671952090e+01 6.238766587467977587e+01 5.042777110408221120e+01 3.042018162669960901e+01 4.099611179658322158e+01 2.887314460581166031e+01 4.540286742461862701e+01 3.173718384437175999e+01 3.129836232971128496e+01 5.128152834632047785e+01 5.796206308997763301e+01 4.865922078484749846e+01 6.532288508392839788e+01 6.968490144896034622e+01 6.383003497589037067e+01 6.899228437637889044e+01 8.898081622516031075e+01 9.155282211768223988e+01 7.131992601555246836e+01 5.696148851153788684e+01 5.738461687030763159e+01 7.697472959157063599e+01 6.374851551060460508e+01 5.847300299985599992e+01 7.875124315185399837e+01 9.633659977374735206e+01 8.155784246231061729e+01 6.120193321993092894e+01 7.623929875852080329e+01 8.212531771515446621e+01
6.350445426094172667e-03 2.000635044542573837e+01 2.297975458329538156e+01 3.809781651021586413e+01 4.612914678278674785e+01 5.438565257564704325e+01 5.344284009580599104e+01 3.410164189878957330e+01 5.344283888650270598e+01 4.646199560012585295e+01 3.817861737196640348e+01 2.097423328561180611e+01 2.308505098801269284e+01 2.538407309335945428e+01 2.775122567321821876e+01 4.774424929472857571e+01 3.517486710013061924e+01 3.797698151108792786e+01 4.162714084767373635e+01 4.533679606407265794e+01 4.969563127356545351e+01 5.485488215580343763e+01 6.192271495626673072e+01 7.606185379649106437e+01 9.604643139451675893e+01 8.440702916254119259e+01 6.415259158042283616e+01 7.766738905617545186e+01 7.395564060170973164e+01 8.400853715433615321e+01 6.566176766443848578e+01 8.591011500967134396e+01 9.327364935727088380e+01 7.297794529884090764e+01 7.032781481439076288e+01 8.916165985776423497e+01 9.838453596335158124e+01
3.512071127920179947e-03 1.414661889413285145e+01 3.418080771582977206e+01 5.095845095840698491e+01 4.818931126283118260e+01 3.989967921862622546e+01 4.399827386831861986e+01 2.515334601851819940e+01 4.386751529372203606e+01 3.558314554228086024e+01 1.815800472900019003e+01 3.817861251914565912e+01 4.310655025565083776e+01 4.540286742461862701e+01 3.669356052344121366e+01 5.601754554779991935e+01 5.516433451210008343e+01 4.796928122244057136e+01 4.796928122244057846e+01 6.532288508392839788e+01 5.797561744211389367e+01 6.899228437637889044e+01 8.191520105580399047e+01 7.606185379649106437e+01 9.604643139451675893e+01 9.276739593947716855e+01 7.429839473891694013e+01 9.276739593947716855e+01 8.826714573916265749e+01 9.426934346377218787e+01 7.580292309265304596e+01 9.426934346377218787e+01 1.016266881077616802e+02 8.472375438432554517e+01 8.208432601468740586e+01 9.903508423834635721e+01 9.985824688888033052e+01
8.642982713123801772e-03 1.999298017307894781e+01 2.956696323468782595e+01 4.260694430053960957e+01 3.660355670515755122e+01 1.986550504040009457e+01 2.400014295475042658e+01 1.808026906003663825e+01 3.304080580561803515e+01 1.556474230716841944e+01 3.558314556123830386e+01 2.572876373933004501e+01 3.988643455155066420e+01 5.988367131988336212e+01 4.823851107631463009e+01 6.496577659256713844e+01 6.795656315772686185e+01 6.795656315772686185e+01 5.552211917957100695e+01 7.551204489701378009e+01 6.951811922842550473e+01 8.623435237378286899e+01 9.724295752438102625e+01 9.604643139451675893e+01 1.043033254336776849e+02 1.028684281056477943e+02 9.451566358616544505e+01 1.028684281056477943e+02 1.084643698910721525e+02 1.043689641274520312e+02 9.601730692668972722e+01 1.043689641274520312e+02 1.132521996141668410e+02 1.049447862663596567e+02 1.023072342098420506e+02 1.107583377150429129e+02 1.198279082469584012e+02
