MOVIE_S2_data/elevation_000060.asc
nrows	100
cellsize	150.0
xllcorner	0
ncols	100
yllcorner	0
NODATA_value	-9999
[rows 0 to 16 of 100, columns 0 to 36 of 100]
4.047028337263018118e-03 2.000404702833690607e+01 2.885399129295611687e+01 3.371209733124662478e+01 3.975928048922595792e+01 4.645678637292544266e+01 5.481584067732516274e+01 6.506097530771268111e+01 8.093750082858180406e+01 8.886216629673860723e+01 7.451124996388638522e+01 6.641164101174432233e+01 6.641164101174432233e+01 6.392005980936261977e+01 7.199329943717786762e+01 8.036655995744443715e+01 7.446344588518225294e+01 8.036656033198124760e+01 8.367043343935785060e+01 7.543837911030817622e+01 7.801682294413764396e+01 8.624906996051653607e+01 8.457773471022576928e+01 7.631492525671433214e+01 8.457773471022576928e+01 8.996486292371079685e+01 8.412139453139717205e+01 8.996447453235784053e+01 8.161444421149110440e+01 7.353759178655676010e+01 8.160579234966141371e+01 8.826726942652632601e+01 8.050745831732227487e+01 7.230437803197391133e+01 8.050745831732227487e+01 7.845371195011912846e+01 8.694016830383317540e+01
9.482596902220898072e-03 4.373840405451769442e+00 8.845976449205613434e+00 1.369669043654992535e+01 1.972695449744771068e+01 2.639398629791453388e+01 3.640161780204379482e+01 5.658774314033201591e+01 6.173106588098143988e+01 7.778594093360231909e+01 6.641164101174432233e+01 4.761526329491670140e+01 4.761526329491670140e+01 4.521435113745228307e+01 6.106083868886880595e+01 6.003001157501019236e+01 5.405148735805224192e+01 6.003001159335008197e+01 7.219392214471054103e+01 5.555883674018406282e+01 5.813877432890453179e+01 7.801682294413764396e+01 7.461986208366320739e+01 5.641261766848848680e+01 7.461986208366320739e+01 7.008309780734253991e+01 6.426824491162119557e+01 7.008306831855082919e+01 7.169855404173618751e+01 5.357781075554895978e+01 6.861774274095660076e+01 6.861909472767854368e+01 7.131526206091329811e+01 5.347307615791766011e+01 6.329315273934949460e+01 5.701344350108843173e+01 7.845371195011912846e+01
3.324160138653916522e-03 2.000332416013829828e+01 2.885399129295611687e+01 3.371209733124662478e+01 3.003434890194881390e+01 4.645678637292544266e+01 5.481584067732482168e+01 6.495047799839932168e+01 5.063118358971177457e+01 6.919885311875349032e+01 6.641773228071494373e+01 4.761532872227433444e+01 3.465155494684429272e+01 3.465155493990192070e+01 5.270948822530939282e+01 6.003001159335008197e+01 3.930733865751717815e+01 6.003001159335008197e+01 6.396091997155046016e+01 4.407544969942375701e+01 5.767258213120157251e+01 7.755195310046094903e+01 6.636377146260139170e+01 4.636289600441543257e+01 6.636377146260139170e+01 7.008309780734253991e+01 5.018906251670311036e+01 7.008309780734253991e+01 6.355726781685651616e+01 4.311084043279926448e+01 4.839809625014883210e+01 6.861909472767854368e+01 6.337465489331751201e+01 4.855946700604423683e+01 4.371898022223599867e+01 6.329315273934949460e+01 7.013171638803450492e+01
6.476169185215582824e-03 8.950748079184451811e+00 2.049775346297717249e+01 4.049775346297787593e+01 5.007620124394422589e+01 5.839145119625842284e+01 6.524047515257842633e+01 5.723734584842141260e+01 4.190355329768834025e+01 5.395054982147234313e+01 7.323822825988331431e+01 6.106325662940150067e+01 4.486083377087454949e+01 2.621488798567851575e+01 4.486083377087454949e+01 5.312245394989778191e+01 3.234842562110712549e+01 5.312245394989778191e+01 5.767258213120157251e+01 3.779508343177090524e+01 5.184946435667134779e+01 7.173083203776833727e+01 5.969681297653944085e+01 3.963579763860257543e+01 5.969681297653944085e+01 6.345175583234514960e+01 4.350837429766197317e+01 5.628926194073935108e+01 4.795295143164243257e+01 3.499007985040126556e+01 5.582952406877022611e+01 5.946831803346430689e+01 5.221344889335466632e+01 3.873852582543513279e+01 5.611007614150155121e+01 6.301685346130997090e+01 5.487327714203649265e+01
5.418514359027011389e-03 2.000541851435867002e+01 3.723501932664735392e+01 4.878202471044007638e+01 6.645441459813577012e+01 6.077376956006215636e+01 5.396541921869611258e+01 3.762236349357137755e+01 3.424168357622721715e+01 5.395169320415095626e+01 5.993044929436008061e+01 5.214546477429820470e+01 4.058311966666543924e+01 2.170967526417435423e+01 4.058311966666543924e+01 4.712550852721552275e+01 2.641131462177954958e+01 4.712550852721552275e+01 5.270320745634388260e+01 3.283076350678696542e+01 4.688049032798337379e+01 6.676049011749421425e+01 5.390569667375189056e+01 3.380760489527524015e+01 5.390569667375191187e+01 4.927868781037120272e+01 3.745096796521720250e+01 4.795295143164234730e+01 2.689732234655680543e+01 4.795295143164243257e+01 5.889711735395336945e+01 5.164295965550274303e+01 3.754872350031748596e+01 3.450860232502601121e+01 5.408693245354373857e+01 4.877348040064845236e+01 3.558397808554791197e+01
5.264502547137648453e-03 8.965685334447249133e+00 2.072968955431854354e+01 4.185642599123357144e+01 4.688303569653617586e+01 4.112930539926782103e+01 4.591263054638846342e+01 2.560291411843411780e+01 4.591263053490737889e+01 6.193747762427032910e+01 5.214546477427231252e+01 3.423296711850807839e+01 3.655925554301916236e+01 1.744788948781451055e+01 3.655925418499600710e+01 3.470523838097532376e+01 2.115920700695136247e+01 4.177712547141192090e+01 4.252188927639729599e+01 2.838360146895675484e+01 4.243757658711724901e+01 6.231517381050701943e+01 4.871639169051267970e+01 2.858776450219588128e+01 4.195624859879607271e+01 2.922572179592647146e+01 4.927714232600241218e+01 4.312171521637287697e+01 2.234307190536443244e+01 4.165464413555684331e+01 3.948088141351136215e+01 4.112421767847167331e+01 2.849326296781712387e+01 4.630545513330171303e+01 4.322670804649812482e+01 2.941830001655733895e+01 4.877348040064845236e+01
5.458922989205592172e-03 2.000545834410912249e+01 3.766762986046594364e+01 4.924583828269469166e+01 4.688303491239990706e+01 2.663790570797579349e+01 3.519450438026746042e+01 2.069037835863494479e+01 3.545288769951180541e+01 5.526600613131532924e+01 4.948195951466951925e+01 3.136477520930625218e+01 2.133434817856187493e+01 1.337244065261445769e+01 2.816024552404507375e+01 1.417070354550989819e+01 3.470512105160293004e+01 3.713461923655177799e+01 2.263014607117334265e+01 4.252188926331749030e+01 5.649300976174534128e+01 5.552263437730872653e+01 5.506609759200725307e+01 4.195573985559197894e+01 2.186642091165167656e+01 3.726331515618596768e+01 4.483983323511599650e+01 3.904451559977742647e+01 2.125778273631915027e+01 1.720437368691997904e+01 3.822420362284054107e+01 2.295746071478586003e+01 4.112421767846950615e+01 3.958511651464974079e+01 2.386874315917209444e+01 4.322670804649811060e+01 5.688289785429176959e+01
8.589772593009903194e-04 1.994103468723379535e+01 3.594622295913681853e+01 4.473965707360288491e+01 3.819400888085552026e+01 3.007918892218927098e+01 1.472540207621631936e+01 3.519450429531012503e+01 4.937281592354387527e+01 4.799612475964710967e+01 3.900712788148327803e+01 3.008652453577513697e+01 1.269541654018732935e+01 2.336059535531337872e+01 8.190480599533481509e+00 2.821159443102551734e+01 3.200990549905541371e+01 1.719239303496713234e+01 3.713461922565377193e+01 4.742236384248526804e+01 4.912434830483425685e+01 3.634937992239603233e+01 4.483574954672613444e+01 4.967915326216991900e+01 3.726325216192095979e+01 1.725790878718003185e+01 3.254459505911215444e+01 3.301092119372338374e+01 1.395448214184390956e+01 1.438703734378807653e+01 2.991660277202255003e+01 1.919197489473510387e+01 3.572557047117680185e+01 1.930909880938742873e+01 3.239756063048224632e+01 4.458301018264554472e+01 4.408114784845443523e+01
3.158951013565912836e-03 9.485146602152711992e+00 2.234087082966945559e+01 3.819689108463818172e+01 2.874439267721103519e+01 1.027410112996286706e+01 2.658034034409666901e+01 3.475421937474085610e+01 3.992683519859199492e+01 3.949734300019750322e+01 1.979645735254016969e+01 1.305035499908910523e+01 5.746322694536559084e+00 6.147676071077780691e+00 6.549024393054797777e+00 2.653929011038365005e+01 1.203079410009590156e+01 3.201064495515719699e+01 3.254436370645585441e+01 2.469396074970564214e+01 3.410053557123553247e+01 2.324191509475089390e+01 3.083673619949237477e+01 3.144711298287629475e+01 3.187355821357675012e+01 1.860286294163072540e+01 1.291025468358575168e+01 1.334272763773107506e+01 2.743859645024716443e+01 3.391369456978548413e+01 1.500244750539015115e+01 1.544008374593024513e+01 1.588069842936324960e+01 1.632150386499083439e+01 3.217408192688198199e+01 3.724693183667772445e+01 2.647645606740380586e+01
4.111938136589871236e-03 1.868362669130834774e+01 2.228246626280401088e+01 2.755259731319857863e+01 1.949040624783342324e+01 2.340099523024638728e+01 6.349146039258821261e+00 2.307864949692773848e+01 1.934727657552927482e+01 2.415146275617601290e+01 2.432310413832892593e+01 5.179553418743616078e+00 1.575147997044182269e+01 2.660173230122818211e+01 2.652245300739556910e+01 7.122180835185099035e+00 2.710896527043266246e+01 3.146952676149255623e+01 1.086799144122104188e+01 9.433398220317229743e+00 2.368481485417387944e+01 2.884506187756720053e+01 1.102387703801973196e+01 1.144903400523690706e+01 1.187598118184968321e+01 1.230398391971517214e+01 3.229511766949786988e+01 1.724067507269472443e+01 2.833693362078156497e+01 3.213399109552096178e+01 1.902285322554105207e+01 3.590426048973392170e+01 3.332767384452074566e+01 2.521894280784760056e+01 1.695028090399290122e+01 1.739588457105368846e+01 1.784200099389834904e+01
7.351428307265867393e-03 3.992823298981248992e-01 8.368303116454775648e+00 1.610167225425563586e+01 2.085548936340287440e+01 2.295580544324867578e+00 8.721804396275830484e+00 1.831779241283003401e+01 3.816895171288643418e+00 4.215171533471861132e+00 4.614057531963239533e+00 2.453789098844287153e+01 3.208323714033478069e+01 2.987916867060177495e+01 3.511502187513106321e+01 2.613832202766899115e+01 7.698588300297426024e+00 2.719879760655290113e+01 8.854147340468545124e+00 2.803946657498791595e+01 1.001423719450687422e+01 1.042639658117420787e+01 2.674267528707948571e+01 3.135500379290063577e+01 1.679953382989418031e+01 1.713754181323118075e+01 3.604214636560249829e+01 4.622417097196404256e+01 4.284128677451060696e+01 3.418752054731236001e+01 2.355363758426562271e+01 4.432435358153396976e+01 5.057541139626569304e+01 3.331882804740369153e+01 2.711626464501352629e+01 3.738200230586311790e+01 3.781414249476965495e+01
9.944443931579059412e-03 1.995059686338875693e+01 9.539826697562836522e-01 1.346366206605484228e+00 1.739052751507585759e+00 1.547729238346395952e+01 2.856917925492312715e+00 3.254005313515933029e+00 1.337084271540698133e+01 1.342507144398953933e+01 4.335335955027360022e+00 2.691093533660176718e+01 4.254419419172734251e+01 4.064235426336881574e+01 4.457488343535009534e+01 2.270029616564785968e+01 9.532779447729801348e+00 8.274430758996496493e+00 2.825874943976957709e+01 3.625408931718471450e+01 2.809218107749223137e+01 1.758236610695929869e+01 1.366695016000941365e+01 3.346566703201495585e+01 4.157425100998299428e+01 3.604144908555315396e+01 3.016647178875828317e+01 5.022775760283046509e+01 5.240634909675971898e+01 4.934361817271919648e+01 2.838861708068554179e+01 4.934361819159249052e+01 6.354880017117502433e+01 5.491689223943006937e+01 3.921975386017905407e+01 5.277766830850557511e+01 3.269556289643631430e+01
6.062025039522273874e-03 2.000606202503916720e+01 2.728809773754067081e+01 2.093725962823913278e+01 2.235964933477383099e+01 1.173710874896923961e+01 2.622724845491945089e+01 1.273465262478647730e+01 1.200194955178831790e+01 2.326764816106289757e+01 2.691127502770745394e+01 1.449001629929925272e+01 3.086328610901095715e+01 5.103714472784820799e+01 4.829910809807691408e+01 2.711465928266884617e+01 1.778342433275209444e+01 2.831804970594040327e+01 1.229845272297636782e+01 3.235500187336826627e+01 4.637903812213608745e+01 3.853954681228521650e+01 3.346567374187419119e+01 1.695552540446097822e+01 3.677036227068276730e+01 4.885647596444989915e+01 5.022774481805325308e+01 5.846315190242285098e+01 7.166282101685210648e+01 5.539149367983582550e+01 3.444103843108380403e+01 4.555456745606122837e+01 6.620296057422390845e+01 6.845655869131991267e+01 6.009407074549391581e+01 6.103892735020755822e+01 5.270185881090217350e+01
5.865714242623007793e-03 1.062054570237888029e+01 2.559558369447896098e+01 4.324643924977712572e+01 3.942870067851027471e+01 2.090463785404286767e+01 3.923203351073568967e+01 2.411014493585339480e+01 3.912479287031874264e+01 3.403144920856678368e+01 4.088904630529604844e+01 2.095788042482401892e+01 3.436700823526761894e+01 5.471754352967604973e+01 5.232826181553047462e+01 4.799929048205130755e+01 3.003033173401624012e+01 3.523404315465479186e+01 1.521631885989768129e+01 3.522696714855945999e+01 4.803322379414759524e+01 4.498202283782499933e+01 2.505075623008056240e+01 3.677036227068276730e+01 2.064669261084262430e+01 4.049719303476011589e+01 5.279949684284162714e+01 6.177710020158770732e+01 7.353307130698304661e+01 6.195784217663300097e+01 4.119322498662634047e+01 6.195784219222702660e+01 7.462976841842821329e+01 6.963969439944861506e+01 6.139464123706932952e+01 5.435227777838589702e+01 4.993019224359039754e+01
3.580119829443586393e-03 2.000358011982908835e+01 3.800409928710687524e+01 4.598752357821935277e+01 5.051257259293256396e+01 4.273695783305040408e+01 5.067734818691354093e+01 4.440904303105335771e+01 5.290951118509740070e+01 5.553767505327483889e+01 4.916659117556087466e+01 3.506155693151443842e+01 3.510275519265043442e+01 5.533485444271916975e+01 7.261086496476961827e+01 6.295248889949363047e+01 5.228785198250059807e+01 4.037336125431197331e+01 3.514482542394466691e+01 1.958410709003163674e+01 3.973379058799952190e+01 5.140707913983325739e+01 3.131084331872181892e+01 4.885924749073779338e+01 4.049719303476011589e+01 2.453918420915977450e+01 3.339326765826606191e+01 4.474794269162321569e+01 6.500597866892704246e+01 6.968332122970473108e+01 4.924362493769444882e+01 6.968332122970473108e+01 7.286605443098349610e+01 5.299698394450998506e+01 4.147586908217282087e+01 3.441741222508403553e+01 4.291567374698981041e+01
9.038799794707020815e-03 1.998161417278269525e+01 3.098934609306794030e+01 2.699216728011777278e+01 4.598996899977392161e+01 5.280296209616580683e+01 4.511577978985669546e+01 5.280296820138648428e+01 5.723369647492217638e+01 6.548564015995196996e+01 6.077074639435444681e+01 5.474515693873965461e+01 5.531648800051883796e+01 6.439866018330577901e+01 7.970155938661692119e+01 6.794457934116762488e+01 5.949589569601018724e+01 4.427146266735431368e+01 2.423356623363551421e+01 3.965135495700216239e+01 4.823848411685118975e+01 5.873467322825241155e+01 3.828902985644504753e+01 5.873467322825241155e+01 4.440272458084376694e+01 4.440272458084376694e+01 2.887488576178990130e+01 4.283654363652411945e+01 6.304377404500078086e+01 7.807471361248576613e+01 6.377390176246195352e+01 7.807471361248576613e+01 8.112146620073292524e+01 6.963969439944861506e+01 6.139464123707038112e+01 4.543823862660823920e+01 2.549655772383594865e+01
2.154417243255324355e-03 2.000156574810710097e+01 1.122122559539336351e+01 3.100151993680495721e+01 4.580839539174986896e+01 4.423270552899801800e+01 2.793133830440461907e+01 4.430441344823222494e+01 3.690562018287884172e+01 4.629503758979576844e+01 4.030075924105954499e+01 5.482691570729749486e+01 7.512042305149660137e+01 7.976173240666419417e+01 7.202817973436788179e+01 5.090286962000315185e+01 3.913627690186130081e+01 3.206611511623875543e+01 4.427146961867368447e+01 3.039410115420785274e+01 5.042396956378748740e+01 6.693893452990060666e+01 4.992703675255010864e+01 6.734129703782571141e+01 6.458579197557664031e+01 5.195603044569926254e+01 3.204060585245019865e+01 4.080305511696621323e+01 5.227974804786484242e+01 7.286234263484166718e+01 8.394992185326398726e+01 8.497922421176618002e+01 7.670022672061314495e+01 7.816250446103869365e+01 6.136077478984014277e+01 4.144450964941751892e+01 2.734317805130176282e+01
