MOVIE_S2_data/elevation_000659.asc
nrows	100
cellsize	150.0
xllcorner	0
ncols	100
yllcorner	0
NODATA_value	-9999
[rows 51 to 67 of 100, columns 37 to 73 of 100]
6.363503193973792804e+01 6.751675282763555686e+01 5.912027706876235555e+01 3.979756862781935922e+01 5.912030108735179823e+01 6.250242183903237958e+01 4.194105271691690007e+01 4.949827018938186285e+01 3.332516968340654984e+01 5.423292735535233078e+01 6.638344493817456282e+01 5.325606746587192930e+01 5.325606868094391899e+01 7.158718591767711814e+01 8.663390967879955440e+01 8.078480288874067128e+01 6.626595888936002154e+01 5.261382110854675176e+01 3.194522585693792038e+01 5.261423269695918492e+01 6.297316833971527927e+01 6.815788936975748413e+01 7.666197125543075686e+01 8.813769327584525115e+01 8.443745377472507130e+01 9.494144193818371491e+01 8.826949073532377099e+01 6.816590596446464190e+01 5.389065835745579136e+01 6.612142855001896180e+01 6.158119472487240387e+01 5.785672028938098777e+01 3.895104420280435420e+01 5.918692242607450993e+01 6.777635565964051523e+01 7.933790823140004989e+01 8.303819534021991444e+01
5.159138028982849988e+01 6.556188057228951038e+01 6.785651120599213471e+01 5.384195671908977232e+01 6.785651120608777376e+01 6.250242183903237958e+01 6.250242183411668151e+01 5.169449274066806765e+01 3.697964028521685975e+01 5.762742406024068487e+01 7.149785738940134650e+01 7.158692973229392464e+01 7.158726739527894267e+01 7.951685192890981568e+01 8.367093541830152503e+01 7.199601239816644238e+01 5.197599380359942955e+01 3.745411023778635240e+01 5.261423269998545038e+01 3.410049423390590562e+01 5.467043359338651953e+01 4.751092354008556384e+01 5.816747479380253338e+01 7.505644597987203781e+01 9.820109023093380074e+01 9.663095577071396747e+01 7.635118068709124373e+01 6.468766553787936857e+01 6.816590596446464190e+01 8.236627762024953370e+01 7.727514073836964315e+01 6.321427061366581057e+01 4.310795210926062992e+01 3.993658386053802900e+01 5.326025924241253762e+01 6.833699273719358303e+01 6.334673808892289060e+01
3.762088000430128432e+01 5.358237530182749708e+01 6.755235649359377703e+01 7.372892274519307421e+01 7.904541991704478221e+01 8.268646624464820150e+01 8.025928846348774925e+01 6.597689367510390923e+01 4.640184447166197401e+01 4.281003779191537006e+01 6.316815492958816947e+01 7.745251626159544855e+01 8.752115234469297889e+01 9.039257655492465915e+01 7.527289584420164203e+01 5.509527528524619555e+01 4.336517893367069121e+01 5.789184039936650805e+01 6.280941772799992151e+01 5.467938928481964922e+01 3.629093531967619413e+01 5.675994479915690505e+01 7.225537273246489178e+01 8.085907773479175376e+01 9.276529240051262093e+01 1.055288123700462961e+02 9.326133715439381433e+01 7.895819285915014518e+01 8.826949073532377099e+01 8.411516851394563332e+01 6.924215606855989336e+01 4.923397570088967257e+01 6.322076704094479993e+01 6.015464307110946862e+01 4.091425956346624560e+01 4.922386208076630254e+01 6.911423238638278121e+01
2.563624399746185034e+01 3.961239409393967748e+01 5.562216812332950866e+01 6.957075248329628891e+01 5.979572818753927521e+01 7.342479067925033576e+01 8.455716927926329163e+01 7.502987505061797435e+01 5.817661927804230260e+01 6.316821879771264037e+01 4.889325435563038980e+01 5.904417049482294289e+01 7.923202790222474334e+01 8.199636114242781559e+01 6.181087269592052991e+01 5.017909669940798523e+01 6.362120820254914833e+01 7.199601145565354443e+01 7.598299100854541166e+01 5.825950050329259255e+01 3.786373086866386473e+01 5.788997332729442746e+01 5.192885506820604036e+01 6.360114170145445200e+01 8.413178001786525328e+01 9.801895712027436502e+01 1.064414533746202949e+02 9.913857215946744361e+01 8.997066954464413868e+01 7.007058716341997240e+01 5.592809551226072529e+01 6.924215606855989336e+01 7.209740939702193430e+01 5.091955604668942925e+01 4.160358160638323710e+01 6.156481510840022509e+01 7.085063656818851996e+01
4.543004283329123183e+01 2.743044451194035815e+01 4.167358377675297731e+01 5.563609010734528226e+01 4.583834785552549818e+01 5.728852208575276705e+01 7.656053311445100462e+01 8.665690163461819395e+01 7.836470605312969440e+01 6.814783907939005303e+01 5.382398977756212588e+01 7.404158670638994977e+01 8.752115234469297889e+01 8.684500135704992374e+01 6.663335835888140934e+01 5.626750442716024736e+01 7.641780954334728904e+01 8.180898550273084879e+01 6.197110143958136064e+01 4.797414979078387631e+01 5.771388813234472082e+01 4.013718004125060190e+01 6.072972422890079969e+01 7.554414014876530814e+01 8.345717391260173201e+01 7.742548581564710730e+01 9.801895712027436502e+01 9.627882703913347484e+01 7.642562241250824684e+01 6.487668902098307910e+01 6.747985707414116519e+01 8.411516851394563332e+01 6.764732777144779163e+01 4.613892325423769591e+01 4.229004643290722498e+01 6.242340575291929383e+01 5.091725413679491652e+01
3.750704825505611240e+01 4.748185124104449528e+01 2.942807558584786420e+01 3.562624881224042639e+01 5.563609010734528226e+01 7.342479067924574565e+01 7.750753988573021047e+01 8.552144147654426831e+01 9.654054778644332657e+01 8.234419343291678217e+01 6.396166555891534955e+01 6.396166555891534955e+01 8.412150785386451446e+01 9.524046626994714870e+01 8.314668875351030408e+01 6.296005112302146500e+01 8.314668875351030408e+01 8.208202501283474817e+01 6.304055429618018280e+01 6.778070261523039619e+01 6.195424857768056626e+01 4.176984400100891293e+01 4.808090839875491440e+01 5.471116703972924000e+01 6.256127229225133135e+01 8.345717391260173201e+01 1.035360675605756597e+02 1.044557359281378410e+02 9.301249000387196020e+01 7.382802358757508898e+01 8.159801412198576998e+01 8.237056713514449768e+01 6.154876234493917053e+01 6.764732518351057422e+01 5.656575179304516610e+01 4.326046494359920302e+01 6.337616934725532047e+01
5.173008488603798583e+01 5.774463715544584375e+01 4.962247197296026968e+01 3.164928165527189918e+01 5.185348335899760741e+01 6.218763709649194737e+01 5.795067832164322397e+01 7.443478601351979762e+01 8.428124391470220189e+01 9.239793176637812167e+01 7.825415596696731768e+01 7.825415596696731768e+01 7.825415596696731768e+01 9.828654835442721094e+01 9.154736381782400656e+01 7.301329776250970838e+01 9.154736381782400656e+01 9.023261203319717083e+01 7.967557927502376458e+01 6.460532560520879031e+01 4.441071129764818437e+01 6.202444447855299359e+01 4.712348165052066662e+01 6.689776341088588651e+01 6.502025416342885933e+01 7.494064920249317652e+01 8.919141111813191003e+01 1.094905262380811592e+02 1.018848317801835037e+02 8.535224914445514344e+01 1.014079295491287809e+02 9.065209491569345346e+01 8.237056713514449768e+01 8.484330074353877649e+01 7.041483465843548117e+01 5.516776628626848833e+01 4.423667220102419861e+01
7.124743733000426005e+01 5.749834245620786533e+01 3.754075185233771350e+01 5.185348331308040315e+01 3.417938764950661579e+01 5.316618929790131176e+01 4.640582831418016951e+01 5.643125530432648418e+01 7.044227329548915861e+01 9.004755796620240460e+01 9.828654835442719673e+01 9.828654835442721094e+01 9.828654835442721094e+01 1.065417075657889683e+02 1.016839811346815878e+02 9.328007974451087136e+01 1.016839811346815878e+02 8.853839523770201936e+01 6.503479156088417312e+01 4.708189388219738447e+01 5.180743672943744116e+01 6.753114039563529047e+01 6.689776341088588651e+01 5.261886221688870791e+01 7.237794771917982928e+01 8.546441612728216342e+01 9.386067048847165495e+01 1.039861671203456979e+02 1.132906266249155607e+02 1.051186142462898658e+02 1.023115853612031856e+02 9.407739514014505744e+01 9.383793444842926590e+01 9.092424469795454911e+01 7.650796254449973333e+01 6.595858508685404331e+01 4.602891433857811165e+01
7.614893244798348348e+01 6.161989643895419277e+01 4.185361790350975753e+01 6.161989641210139013e+01 5.429259667017165469e+01 3.676729008188834769e+01 5.675645877963582819e+01 7.241165701794672316e+01 8.046662438233187231e+01 9.165374405891827791e+01 1.018912509565439422e+02 9.858333318730329609e+01 1.043419752438381778e+02 1.059526156587881331e+02 1.141597551217551256e+02 1.033145412210134140e+02 9.317175656782870874e+01 8.477495228765407376e+01 6.938406833722561373e+01 4.901083069367658851e+01 5.527984048127881778e+01 7.104947782077216800e+01 8.072259767981266521e+01 6.650823392153620262e+01 5.951004252821964258e+01 6.540289121309940867e+01 7.534693779654270429e+01 8.963026227238111687e+01 1.099504055988509634e+02 1.081631415512980539e+02 8.824288794049861906e+01 7.404947352010576367e+01 7.385084873476614575e+01 7.385084811406974836e+01 6.269186479415643731e+01 4.858165983784240183e+01 6.603680357698002013e+01
5.997540550660309577e+01 4.860818565893133325e+01 6.161989643895419277e+01 6.965747541584069324e+01 5.286325723351132666e+01 3.867043789135514231e+01 5.856508723140200345e+01 5.296410540107898157e+01 6.425100915983202299e+01 8.355930930347057028e+01 8.246726034639061709e+01 7.921637287745369349e+01 8.488882422123793958e+01 8.645532689825215300e+01 1.059526156587881331e+02 9.492349058782207294e+01 7.462641398748614563e+01 6.451507501150776136e+01 5.775028975106496887e+01 5.127418708339683917e+01 5.441813434516120651e+01 7.406289480478413623e+01 8.803965965639690694e+01 8.654869037669968179e+01 7.350642531514037614e+01 7.941563877612661315e+01 7.953042667762805706e+01 9.979033393561601883e+01 1.144431297325165957e+02 1.029705349011839388e+02 9.403994203388073458e+01 8.141062531641652811e+01 6.140933651417341821e+01 5.393846899245365734e+01 5.119010507764378559e+01 6.854329324416582381e+01 6.854293711936023215e+01
5.792644096698965228e+01 5.997540550660316683e+01 7.614893244798348348e+01 8.036987430952083855e+01 6.621338096843606991e+01 5.803890466567662543e+01 4.139894879729257582e+01 6.118360785686898851e+01 7.226394786446813612e+01 8.406704575525574796e+01 6.892029746933418721e+01 6.568877651364344672e+01 7.291248400603348045e+01 8.645532689825215300e+01 1.059526156587881331e+02 1.033145412210134140e+02 9.317175656782870874e+01 8.477495228765407376e+01 7.399904451171522624e+01 5.369099919044468550e+01 7.390242788315832456e+01 5.984446149421799532e+01 7.967056317711066526e+01 9.424643223569958650e+01 9.368174301193889164e+01 9.962463936953325572e+01 9.979033393561601883e+01 1.081909143003937999e+02 1.062536165398236676e+02 8.633256418966503531e+01 7.470402927855862174e+01 6.572909931751483725e+01 5.824705066546883359e+01 7.356652963230442310e+01 5.365567667106222416e+01 7.356652963230442310e+01 8.851116958162613457e+01
6.527059679014176652e+01 7.925933201628853908e+01 8.730701721632648571e+01 8.132257480579572473e+01 6.705327259173738241e+01 4.751925479946435615e+01 6.054090082052829302e+01 4.455495530479391419e+01 6.421863602070799004e+01 6.479902900500901808e+01 5.778515586891440847e+01 7.705043756778796649e+01 8.645420317068510485e+01 9.286869018685436572e+01 1.010167353075043479e+02 1.107898938244753282e+02 9.720739062787875184e+01 7.690367634381016160e+01 6.522184831681818196e+01 5.614227226814818295e+01 7.642306259337792085e+01 7.967056317711066526e+01 6.580322510561865101e+01 8.586031571231919202e+01 9.977889877737625568e+01 1.081615580837177504e+02 1.183096529404729864e+02 1.136881451979628679e+02 1.037392502860374606e+02 9.551247717293584572e+01 8.313960999361560766e+01 6.309680482745024221e+01 7.820631793584534819e+01 7.607647224225117100e+01 5.615442065721394727e+01 7.021138758455536788e+01 9.023603916732668040e+01
7.633675008220792790e+01 9.255123645658112252e+01 8.689184918435265104e+01 6.770455967600358349e+01 5.399541117608711005e+01 6.705327259173738241e+01 6.823995748062939981e+01 4.877333871905790375e+01 4.831577840454204420e+01 5.100539736651322187e+01 5.631041601577374678e+01 6.172850484378068359e+01 6.728239715777810659e+01 7.362522913834679628e+01 8.314722718063028140e+01 1.025901531930784785e+02 1.055955974238320181e+02 9.388214889578807743e+01 7.897565835219900521e+01 5.871505758934213048e+01 7.897565835219900521e+01 9.424648743335551160e+01 8.586031571231919202e+01 7.278717473250186742e+01 7.947296423910368901e+01 8.960650618312899951e+01 1.099512913716234266e+02 1.054778848883202187e+02 8.554842104123792978e+01 7.544804456929556125e+01 6.832049818829958099e+01 8.314078464886269160e+01 9.140113104031193814e+01 7.867518905191863610e+01 5.871406676527777790e+01 7.280590537307946875e+01 9.284489331046253824e+01
9.561160209341912264e+01 9.442229524134867802e+01 7.522285065259552539e+01 6.166905576676866474e+01 7.332438675509031611e+01 8.132257957950575644e+01 7.251813191192293573e+01 5.314144135534066038e+01 6.784510830440336804e+01 7.044250046063015702e+01 5.711681249096221791e+01 7.639048489736779857e+01 8.645420317067394933e+01 9.286869018685436572e+01 1.010167353075043479e+02 1.107898938244753282e+02 1.070149944968293170e+02 9.593812341014803735e+01 7.564574156816979666e+01 6.134446585529059348e+01 8.158924869349758069e+01 9.440635708314796659e+01 1.013995916669732509e+02 8.705850003735866949e+01 8.928216011082173509e+01 9.977889877737625568e+01 1.183096529404729864e+02 1.136881451693977283e+02 1.037392502741417672e+02 9.291273742513823208e+01 7.281567734360557154e+01 9.291273742513823208e+01 9.554748101028167184e+01 7.550432359780808156e+01 6.135369883865849516e+01 8.137483927742502487e+01 9.436859223005426145e+01
1.040755239028023453e+02 8.476828022270686347e+01 7.126899942037857727e+01 8.084623779806427990e+01 8.886453769391800961e+01 8.826725105557387963e+01 6.897870401410258978e+01 5.807797554501782145e+01 7.733226380592644489e+01 8.217609696034750755e+01 6.298739256499461447e+01 6.678414163319807528e+01 7.532916063133650653e+01 8.638549500555856753e+01 1.058854659686476367e+02 1.103715720958945070e+02 9.002507073765141854e+01 7.830667131913151024e+01 6.927242972873827398e+01 8.158924869349758069e+01 6.576296681010339285e+01 8.600681952268539021e+01 9.918485291875006737e+01 1.073790589019101986e+02 1.095983691455724482e+02 1.179523110012958256e+02 1.283990878698403151e+02 1.101484541260784198e+02 9.028714134509698397e+01 8.021206615569273879e+01 9.291273742501620347e+01 1.011437976051826695e+02 8.897266585657150983e+01 6.887070592801234170e+01 8.137483927674887241e+01 6.600773547093432114e+01 8.025261773659869391e+01
9.619425227474380335e+01 9.848565142083246826e+01 9.042324097101221980e+01 8.687491552301221986e+01 1.062090278984348544e+02 9.638509992054054010e+01 8.246048890527310959e+01 6.327503368682471319e+01 8.246048890527310959e+01 8.857498216260398749e+01 6.937832655583251551e+01 8.599682816160057541e+01 9.410037834830411896e+01 1.027816028052641286e+02 1.140932439405944621e+02 1.187363080444199284e+02 1.023930638799753154e+02 8.206757997189897935e+01 8.358483635433360348e+01 8.600681952268540442e+01 8.600681952268539021e+01 7.051387790513786058e+01 9.078469752782173430e+01 1.017109969658230000e+02 1.101003929303499831e+02 1.202575626149735655e+02 1.299329728272818159e+02 1.101484541258998604e+02 1.065118495773696452e+02 8.660831004559818780e+01 1.065118495776375624e+02 1.123822499814901335e+02 9.476974926555490697e+01 7.468806485455161237e+01 8.967330470494466965e+01 6.953832809903823886e+01 8.122018427577469879e+01
7.607697479156061604e+01 9.029289762295007904e+01 1.003453942478441121e+02 1.062090278984348544e+02 1.033414598975128342e+02 8.386270425868390532e+01 7.283092291538966379e+01 8.246020453230862302e+01 8.246048890527310959e+01 8.857498216260398749e+01 8.288443269152591597e+01 8.500343654285551054e+01 1.044665377635571275e+02 1.046694936744650732e+02 1.131870037077062392e+02 1.135451361041660761e+02 1.107750081141629721e+02 9.643923870491049399e+01 1.039105469011151825e+02 1.063160074561398289e+02 9.721019678398091912e+01 7.689098400881781004e+01 7.645902166370606778e+01 8.136259194737078815e+01 9.152874836833504446e+01 1.059434335217054723e+02 1.262573624890259367e+02 1.204991065061082480e+02 1.007181380575384111e+02 1.007181380575384111e+02 1.147141722805460660e+02 1.041740397357421699e+02 8.422452924741014613e+01 9.476974926555452328e+01 9.354520717201356206e+01 7.342621178060473142e+01 9.354520717391255857e+01
