MOVIE_S2_data/elevation_000009.asc
nrows	100
cellsize	150.0
xllcorner	0
ncols	100
yllcorner	0
NODATA_value	-9999
[rows 34 to 50 of 100, columns 37 to 73 of 100]
8.427992227458379659e+01 9.614278548387004264e+01 1.033998533796195716e+02 1.116049346905517012e+02 1.183144203232700846e+02 1.012658304297108458e+02 8.119494590015412427e+01 6.958187580801879335e+01 6.201998250227428855e+01 8.217103851129336078e+01 9.104892823386774126e+01 7.086703463085281385e+01 9.104892823386774126e+01 9.259768727204074423e+01 7.310615255030693049e+01 7.684062804185668938e+01 9.248507909552849071e+01 8.659337087243676478e+01 1.067089209932616285e+02 1.129056321293839744e+02 1.214205338615821717e+02 1.183331787710893934e+02 1.082135885614757882e+02 9.396793254986661736e+01 9.077045877468997048e+01 7.043174367328430208e+01 8.222438099517775356e+01 9.652399953883939077e+01 1.173768193126111044e+02 1.248327651927706228e+02 1.164806446428876683e+02 1.097632719644774113e+02 8.993207859777530189e+01 8.405336601362969873e+01 9.574050065586416736e+01 1.147597652833740369e+02 1.174577971888302415e+02
9.255124101510776313e+01 1.003182833577572666e+02 9.204781454462305135e+01 1.003182833577591992e+02 1.000352493690087385e+02 8.580442756344824318e+01 9.117697102009688592e+01 7.108253363146620529e+01 5.672151960525692971e+01 7.696805807846801883e+01 8.432163036619613194e+01 6.401094687789350246e+01 8.432163036619613194e+01 8.425127770665902460e+01 6.393878018837435917e+01 6.506124579275865472e+01 7.231697751893295845e+01 9.248507909552849071e+01 1.078801152421549432e+02 9.203191397515658423e+01 1.094226800338565653e+02 1.070207527848476303e+02 8.989687081519602430e+01 7.996349608987613067e+01 8.615982638085931455e+01 6.577189730875697649e+01 7.788063507478625525e+01 9.390406505822366512e+01 1.171845758792258039e+02 1.164806446428890183e+02 9.655693442844896879e+01 1.023924540438586490e+02 9.492432775189146810e+01 7.602372962217160079e+01 8.663675931328229751e+01 1.064473304699032497e+02 1.169434106702686194e+02
9.920877395115434183e+01 9.052239563850265824e+01 7.261132882164893942e+01 9.013137447962672866e+01 8.862804151304582945e+01 6.985313777902888432e+01 8.623743866163270866e+01 7.283525064175323394e+01 5.253697983089878676e+01 7.283525064175340447e+01 7.845844107649773491e+01 5.809158471442123783e+01 7.845844107649773491e+01 7.130558093554580523e+01 5.669048271956992124e+01 6.851134682938881326e+01 8.876068779514234564e+01 1.008293187536871187e+02 8.703358705075235946e+01 7.999689175232096261e+01 1.001174287423021667e+02 9.864069587126809324e+01 7.870838690678691307e+01 6.997214878123368464e+01 8.201296976495444824e+01 6.158499154150340615e+01 7.775862603960293029e+01 9.833067167341714310e+01 1.037348951066385325e+02 1.120240973516191900e+02 1.023924540438600701e+02 8.263365944474560365e+01 7.516463136541486278e+01 7.049033954434517568e+01 9.027206685429675304e+01 1.077207756990787146e+02 1.028513246068667684e+02
9.280967144593400064e+01 8.232957168313595275e+01 6.340836713973953920e+01 8.054594784719944300e+01 7.994136119566091736e+01 5.943929364955214822e+01 6.872109730037874442e+01 5.767842815475216867e+01 4.864124794624679282e+01 6.892884653886066815e+01 7.319974137616961229e+01 5.292826180600196295e+01 6.624668124611157793e+01 5.107004876807218352e+01 7.130558093554580523e+01 8.543296050112412843e+01 9.710714705952226211e+01 8.974041040713406403e+01 7.236682480725193045e+01 7.076678860912444691e+01 9.152652007896810460e+01 9.644050742732832759e+01 8.236603375177408282e+01 6.226398497722220782e+01 7.813551943911579656e+01 5.768362039752663861e+01 7.813551943911579656e+01 8.723390022307752645e+01 8.450847703971800229e+01 1.037364626328522945e+02 1.071552489288510372e+02 9.723903563719473198e+01 8.560947817538846039e+01 6.571742825847057645e+01 8.560947817538846039e+01 8.785522246863230578e+01 9.290510554977289814e+01
8.130350420828192171e+01 7.564545503562789008e+01 5.699714010093597238e+01 6.177242190667023891e+01 7.531888262244106613e+01 6.872406763618636205e+01 4.850129209413185549e+01 4.342476565744043171e+01 6.360106205292500903e+01 7.051188141135826015e+01 7.076706224726861194e+01 6.240245295873878462e+01 4.627152432693959128e+01 6.624668124611157793e+01 6.536309176193263681e+01 8.565201890657500883e+01 9.584539924186867665e+01 7.505823485750586599e+01 6.047217805295453985e+01 8.114665434404628286e+01 9.653692993060600713e+01 8.811312118711863661e+01 6.810762573919437557e+01 5.626256477399063272e+01 6.938602876843296485e+01 5.395511136946322495e+01 7.444839437538880134e+01 7.111694195793218398e+01 9.011546401064993006e+01 1.011516561996793371e+02 9.886862855678482731e+01 7.910796229422371084e+01 6.915936938538536083e+01 6.197881087964414348e+01 7.744884531077465795e+01 7.380239056540773390e+01 7.878651818546821062e+01
7.305275142062211557e+01 6.865302378877345291e+01 6.068568950229387582e+01 4.876596059883294032e+01 6.728631508842177311e+01 7.704310150863263118e+01 6.009126650322141927e+01 4.003230256299480772e+01 5.764821840167875422e+01 5.045768860302896286e+01 5.878387662753672771e+01 4.258272927824214094e+01 5.648901956206859154e+01 6.624668155276660286e+01 8.565201890657500883e+01 9.400525682671431582e+01 9.064870779919863253e+01 6.990128589330785758e+01 5.529571388334404247e+01 6.721629207556250662e+01 8.794686958011416777e+01 8.586649498391723512e+01 7.753900441152651979e+01 6.938190086484704011e+01 4.885195282458121824e+01 6.938565689821368210e+01 7.546855589901998940e+01 6.369827797858295781e+01 7.353025478338786058e+01 9.294844414531020504e+01 1.071552489205850520e+02 9.723903563594282673e+01 8.898825255496761599e+01 7.744869930295544691e+01 5.729523317990562248e+01 7.323200304042259745e+01 5.858472162878726408e+01
6.266821177622672678e+01 5.471741255358868017e+01 4.177592621955052721e+01 5.186652259124997499e+01 7.051357561841280130e+01 7.336226796578560538e+01 6.095208252875724497e+01 3.717551679075995708e+01 4.407231645840121814e+01 3.652328117413426156e+01 3.899335089286584122e+01 5.290231920502649388e+01 7.076706224726861194e+01 8.504510493246871761e+01 9.485444442155700528e+01 9.874602470642298613e+01 8.622540575705447452e+01 6.549754079432803167e+01 5.087582569604817451e+01 6.549754079432165099e+01 8.622540569549397560e+01 7.754066081293809987e+01 5.729936309656857674e+01 6.322517687619812676e+01 4.608729247862408585e+01 5.057527668716475944e+01 5.537843247752886100e+01 6.710683217838445103e+01 8.688717289975241442e+01 1.011516561996793371e+02 1.078920982683131626e+02 8.800166844614501827e+01 8.800166778951016511e+01 8.454023463195878207e+01 7.292868917363050230e+01 5.284386262893971065e+01 7.312497623074878561e+01
5.471741255289850869e+01 3.554482348633339228e+01 5.471739812024576111e+01 6.137672574509742418e+01 6.936070215237172931e+01 6.514769167918595372e+01 4.599305083635282188e+01 5.062801629557396410e+01 3.318944502524855977e+01 5.318719870055824828e+01 4.520711265597063289e+01 6.449187986501974024e+01 8.162194704503728815e+01 8.833955840356918543e+01 8.250462055510878656e+01 7.885430492661011215e+01 8.440928480721537142e+01 6.758628126827298388e+01 4.690212365470425482e+01 6.151801441630654210e+01 8.223637340238941817e+01 7.753894400425123479e+01 5.729934125226462527e+01 4.295419792546629623e+01 6.322481101960859462e+01 7.093529584507228947e+01 7.546855589655467611e+01 8.369040539184940997e+01 9.512135858847850045e+01 9.939624394652817330e+01 9.112494282991727346e+01 8.800166844614878414e+01 6.812322198055433375e+01 7.451750367827236232e+01 5.463700279281160732e+01 5.041798689783557563e+01 6.937573552109468267e+01
5.088879535914799135e+01 3.158940810958033651e+01 4.567512104352800861e+01 4.200002021137896691e+01 5.119182354717938210e+01 5.957096893208485966e+01 5.062789774332495796e+01 3.067216889153153048e+01 5.062801629557396410e+01 6.099975447576421317e+01 6.428737985426934642e+01 7.361114013270137946e+01 8.385758422663248268e+01 6.874914331475034146e+01 6.305155524386226062e+01 6.516872200048265995e+01 7.582182328450707587e+01 5.512273580117935268e+01 4.321982795207402717e+01 6.387097825752510261e+01 7.834547819182623130e+01 6.630438804125547847e+01 5.797026010635639182e+01 4.093689683360492637e+01 6.101736430764798769e+01 7.716419738004982776e+01 8.536436629053612535e+01 9.683628103582309166e+01 9.920968336109885399e+01 9.112494282991724504e+01 7.116693373127408506e+01 7.701249925728389201e+01 7.542943383764118437e+01 5.541630089333644804e+01 4.913000732839968521e+01 6.954490680497563915e+01 5.193377848969201693e+01
4.155322604731777147e+01 4.005810072316420190e+01 2.624143765647572124e+01 4.308737691832818939e+01 2.589442445591303610e+01 4.991566389304369977e+01 4.887510991239658154e+01 2.893387307156184107e+01 4.820062440939128834e+01 5.598900977434439596e+01 4.906270548836775447e+01 6.244028344904437233e+01 6.475489276902227687e+01 6.874915590435817592e+01 4.957931056682146931e+01 6.874915734526436495e+01 7.203516495498880090e+01 6.042825875414719405e+01 3.983258425946142012e+01 6.042973794769854123e+01 6.385427952661741813e+01 4.977857282646942139e+01 3.805392410854098273e+01 5.796713964121430251e+01 6.637483545318464451e+01 5.700166803162927920e+01 6.874025333810847371e+01 8.867825765368246493e+01 7.946588212444241606e+01 9.106051210980899668e+01 7.115478682171250568e+01 5.679848216389981985e+01 6.689346247017877545e+01 4.794503189246254493e+01 6.820448772985699293e+01 7.783277863717339073e+01 6.675248770934301490e+01
2.158603481260314538e+01 2.209943017483422167e+01 2.261396716878940438e+01 2.313525045935781321e+01 2.365917122425383212e+01 4.370817176763210199e+01 4.499530036663880139e+01 2.720677966800855785e+01 4.046192628222026144e+01 4.637110478458767915e+01 3.480523747488454944e+01 5.344087823554737327e+01 5.118681223574305506e+01 5.475516311257604940e+01 4.339537495215528651e+01 6.250366444107000774e+01 5.111639005505540467e+01 5.259869834689567369e+01 3.661183484416838496e+01 5.710940954165671002e+01 3.451652281091621433e+01 3.537166942604609687e+01 3.597913036609483584e+01 5.619882903120487327e+01 4.602455049425196165e+01 6.638828909597538086e+01 8.536612606632462530e+01 8.213331465167576084e+01 6.567178000708318564e+01 8.213331464828802098e+01 7.910337820269056408e+01 6.054688218141016876e+01 4.681757682446554014e+01 6.689345845549081560e+01 6.231592765613696372e+01 8.242358150943790918e+01 8.824669242592128171e+01
4.082304337125060556e+01 3.354528501277617636e+01 4.315604990670674113e+01 4.317853971121089529e+01 3.922308587330060448e+01 2.440725835882892625e+01 2.494314763547093960e+01 2.548066009965917900e+01 2.604917535860637301e+01 2.661836612582282058e+01 2.718810456917840668e+01 4.737649001906562063e+01 4.861982565699936742e+01 3.541132281366943602e+01 5.469008872649860820e+01 5.791098601398370249e+01 3.975214809073774092e+01 3.220648412164798202e+01 5.250275313915159359e+01 5.395918111538856721e+01 3.451733465576496940e+01 5.483884085105617601e+01 5.635777436734974088e+01 3.688559790851837761e+01 5.711389545636667009e+01 6.647527987688540918e+01 6.881666625220026390e+01 7.193687234318002766e+01 5.348544851222190744e+01 7.348154378060564795e+01 8.175253588480984490e+01 6.064466524118169133e+01 4.600792103757127194e+01 6.598713924757757354e+01 8.242358127777933419e+01 9.069061692401844255e+01 9.107736942918640466e+01
3.939589313652228952e+01 5.277764870518120688e+01 6.063736344904165776e+01 5.007856480534996280e+01 3.005556121825922489e+01 4.446060028165921807e+01 4.499731639572773645e+01 3.176940985708208487e+01 4.702023708445686623e+01 4.689110281182664153e+01 4.043088756447907883e+01 2.799605993327449482e+01 2.993236590840442446e+01 4.411661806568812239e+01 4.964802655886945359e+01 5.072640513135714713e+01 3.135127306560363181e+01 5.084049673223984200e+01 3.306497010476119414e+01 3.366651142824134268e+01 5.395913643137022575e+01 5.957409135759904473e+01 6.222336701898324662e+01 4.181892445921746315e+01 3.781303995483371949e+01 5.823010225627609060e+01 3.970407012046988626e+01 6.035372067752553704e+01 4.306953068785271910e+01 6.630002874658927681e+01 7.224267710704688739e+01 6.394690394593841631e+01 4.516846624194128168e+01 5.919975259672803247e+01 7.930614706618295884e+01 8.777558565913891186e+01 7.106406533903657419e+01
5.559161303999740511e+01 6.769666256279113270e+01 6.850751830882474280e+01 4.838162101870093323e+01 3.420798527235906761e+01 5.427635985147894360e+01 5.744386785286990715e+01 3.829941097269191630e+01 5.744411578378997518e+01 5.320359249611639285e+01 3.296709363727099174e+01 4.819085098632677244e+01 2.880110533380369731e+01 2.935787421731617641e+01 2.991672254233340666e+01 3.049443893642183667e+01 4.996829486104333995e+01 5.901200678499537133e+01 5.334062793824813298e+01 3.915288392152887553e+01 5.914813207700343156e+01 6.939282958182066352e+01 4.965043847700040658e+01 6.244355511065084841e+01 5.486132998257591709e+01 3.874886277093563081e+01 4.662266554912850580e+01 4.066401117336779691e+01 4.134716626970599407e+01 6.136313328295447889e+01 6.298760652648569192e+01 4.394601385418197736e+01 4.496210126436106691e+01 6.498460529407748254e+01 6.811792970025069849e+01 6.874998469766531173e+01 5.931976951067020565e+01
5.718534221169967680e+01 7.792901890825577027e+01 7.070529424015441577e+01 5.058404111252151836e+01 3.919081983853400430e+01 5.930487333745751499e+01 6.565110236294231072e+01 4.786588682770538128e+01 6.565111131460177774e+01 5.691286432673128814e+01 3.659638185924622888e+01 5.691286397412007858e+01 5.871537915182947387e+01 4.453092328266037470e+01 4.507285242005114867e+01 4.892015170302759230e+01 3.536618506456052557e+01 5.564104861836454319e+01 6.762208474610883968e+01 5.026594531392956355e+01 6.762265454771419115e+01 5.896322754647697195e+01 7.007866889300878199e+01 7.718972962101418034e+01 6.514292219898429437e+01 4.491790822025637198e+01 4.576405460935021097e+01 6.069268608812326704e+01 6.089737366429689303e+01 4.231099847294066763e+01 4.299111273817484857e+01 6.298757097059059618e+01 6.498460503541653566e+01 4.636976020544921795e+01 4.738296214446867793e+01 4.843175851859447789e+01 6.841578877634141520e+01
6.595265158358479596e+01 8.663080069130030836e+01 7.902066319808734818e+01 6.469087004123018403e+01 4.453831617279471544e+01 6.469087004128600427e+01 7.537817534998140445e+01 6.142339435793802949e+01 6.491482027300699542e+01 4.451375550615193788e+01 5.691286432673128814e+01 4.451375550615193788e+01 6.491482027610040006e+01 6.766423842907401820e+01 6.748509897442265526e+01 5.323127917391300912e+01 3.891843944054420490e+01 5.922881193849378434e+01 7.391877924579546288e+01 7.128353805270093346e+01 7.960427236274259144e+01 6.583340759067769454e+01 8.568819610792662900e+01 7.547926576857572911e+01 5.523227065163816718e+01 6.535576821010697302e+01 5.082741666301807726e+01 7.064447954619724612e+01 5.642666853584790942e+01 6.231330869889042390e+01 4.698517520112500989e+01 6.806395665340191670e+01 7.116818491584446349e+01 5.100185105542496444e+01 5.206929674385212792e+01 6.862422776202498653e+01 4.998172994016737647e+01
5.985820430563762784e+01 8.066594885717242391e+01 7.891793994372895327e+01 5.879782473528093334e+01 5.879782473528086939e+01 5.729300996024755932e+01 7.742080857615017919e+01 8.106142727857269392e+01 6.491482029362504136e+01 5.133080089521815381e+01 7.170682994661440546e+01 5.897831638874993843e+01 5.416736762109569980e+01 7.449946101922681407e+01 8.070723830655836650e+01 6.639178869521037996e+01 4.613183070593095891e+01 4.536453642347628801e+01 6.565039794101164716e+01 8.128260408522143621e+01 9.312651640673480813e+01 7.344530640716374137e+01 9.312651640673480813e+01 8.369264776652930493e+01 6.441399280198227473e+01 7.640451725893383639e+01 5.645178348301509885e+01 7.640451725862857302e+01 6.804249077549961555e+01 6.424383155069664042e+01 6.192645989668141482e+01 7.644874063990742741e+01 5.847066894329024223e+01 7.116818828603649649e+01 5.705321986342938345e+01 7.657999625051516546e+01 7.056875355871481759e+01
