MOVIE_S2_data/elevation_000460.asc
nrows	100
cellsize	150.0
xllcorner	0
ncols	100
yllcorner	0
NODATA_value	-9999
[rows 68 to 84 of 100, columns 37 to 73 of 100]
1.031098111653304272e+02 1.005738309715246999e+02 1.086955651241355838e+02 1.006439958088973583e+02 8.472740881040719785e+01 7.323936434651355398e+01 8.342618207358064808e+01 8.959547828617667165e+01 9.157302709770745253e+01 7.270418818415205919e+01 8.484825748425785719e+01 9.578821739261256596e+01 9.025456870548727295e+01 1.091476271024887126e+02 1.173064091822929385e+02 1.089868036787848098e+02 9.624757486379763805e+01 1.052865004328481575e+02 8.501244201539618928e+01 9.514947122412216629e+01 9.514947122412218050e+01 1.144348254099978135e+02 1.084512407852165552e+02 8.828119709429529394e+01 7.666178824062005503e+01 7.960705403905674871e+01 8.227693702663749775e+01 1.024297306205591696e+02 1.119519014091593760e+02 1.019870219324261313e+02 9.376465204564503608e+01 8.707458795184727762e+01 7.348001602880444239e+01 5.319602026504104941e+01 7.047291198531779344e+01 5.738034414775371772e+01 7.763135044453578359e+01
8.356268300767774804e+01 8.102603255266529914e+01 9.739952575389867206e+01 9.378911879861492196e+01 7.604317667053506113e+01 6.666794887983124340e+01 6.312292953690435837e+01 7.566158836224219897e+01 8.019428331658062348e+01 6.647234873473399830e+01 7.142528542969795069e+01 7.701186482279233303e+01 8.638734649794051279e+01 9.959086900765713324e+01 1.187043851973174782e+02 1.247801224252802399e+02 1.164824819410565482e+02 1.136487156777884593e+02 9.512313724692853611e+01 1.136487156777884593e+02 1.154126841988686465e+02 1.174563276519827184e+02 9.732034127460300965e+01 8.565085631650322284e+01 9.680606063069666334e+01 9.124162804187882614e+01 1.024297306205591696e+02 1.024297306205591838e+02 1.037623380889496474e+02 8.376696600234029688e+01 7.369445976425176070e+01 6.692274401753847712e+01 6.102355618087781153e+01 5.535859140551159641e+01 7.564226264846587355e+01 7.763135044526293882e+01 6.537462683340214653e+01
8.928790429233170300e+01 6.961180797484075811e+01 8.928790429233170300e+01 1.000358729680405361e+02 9.087999794227272332e+01 7.619518049483514233e+01 5.674057107436499336e+01 5.727697992183985320e+01 6.099386671337422428e+01 8.041284116447633323e+01 9.036795128732156002e+01 9.578821739261513812e+01 1.037185462672915008e+02 1.131972941674885504e+02 1.169188273443339057e+02 1.169188273443339057e+02 1.254112719289403231e+02 1.237806909586909399e+02 1.154498636187675800e+02 1.237806909586909399e+02 1.255621563352832624e+02 1.256933444393791177e+02 1.141101144020335028e+02 9.575476818582025373e+01 1.141101144020335028e+02 1.113984788578750482e+02 1.196576344675269041e+02 1.224949155094996485e+02 1.119519014091593760e+02 1.019870219324261313e+02 9.376465204564503608e+01 8.707190271307484863e+01 7.801481872271416762e+01 5.774261681395375234e+01 7.801481872271423867e+01 9.378267891069690165e+01 8.554141590914143478e+01
8.335533803560343813e+01 6.354847751472443917e+01 8.335533803560343813e+01 8.784201587541870992e+01 7.986953526090107403e+01 7.200099652671183037e+01 5.217240497802382038e+01 7.198533786908355125e+01 7.810962628628271887e+01 8.346881946860958124e+01 9.072416612622905063e+01 9.858789722172534198e+01 1.080268265815306563e+02 1.109713179983170193e+02 9.653136406769341704e+01 9.653136406769341704e+01 1.169188273443339057e+02 1.297696918353137505e+02 1.239937483627350474e+02 1.158835415256552892e+02 1.062049267160273303e+02 1.199638523472045080e+02 1.241489865932131096e+02 1.159068528073876223e+02 1.241489865932131096e+02 1.201542997223340592e+02 1.119860885045272028e+02 1.201542997223340592e+02 1.121710980611725859e+02 9.215312813282109516e+01 8.106436828649863457e+01 7.246613799498167907e+01 6.542780232789651507e+01 6.047623430171729098e+01 8.072000658318560795e+01 9.289081187684016072e+01 1.044613123985013061e+02
6.728826389095152649e+01 5.812880487602677704e+01 7.806173189440718829e+01 7.988326382564768835e+01 6.035300162219489550e+01 6.605574975459572329e+01 4.942132607390631449e+01 5.410427496501763756e+01 5.890944655234427785e+01 6.431153949178857943e+01 7.177621254145230978e+01 8.132950275169385179e+01 1.001188297509676914e+02 1.025027138102296931e+02 8.242263578251710499e+01 1.025027138102296931e+02 1.008773289266826794e+02 1.213060818591842462e+02 1.158835415256552892e+02 9.660288578554265371e+01 9.262559020567428547e+01 1.102983170741388790e+02 1.199988961449246858e+02 1.255909895286037710e+02 1.142928132994761938e+02 1.061508726448039539e+02 9.256383256736674525e+01 1.103995965116431250e+02 1.204941991343566912e+02 1.089240053480648243e+02 9.187098287812389685e+01 7.927811529684333891e+01 8.501033417575241913e+01 8.072000658318560795e+01 6.445887375055541213e+01 8.464041589659201748e+01 9.376073683040642948e+01
6.470878359073479658e+01 5.303953072395653834e+01 6.741062367503555208e+01 7.559640416627682669e+01 6.606734521416656492e+01 4.610342406880908328e+01 6.316004825984853710e+01 7.129455129812747316e+01 7.263629779877489057e+01 8.356251261055915336e+01 7.802981328353358492e+01 9.691963052255651689e+01 1.080268265815306563e+02 9.615283559408237579e+01 7.612787522582922861e+01 8.446794910399228229e+01 9.808591529719471680e+01 1.065226327326282245e+02 1.154743260488190657e+02 9.616517240187532423e+01 8.300795781667834206e+01 9.262748963986798856e+01 1.119060555646475876e+02 1.173996136016677099e+02 9.791622274319865937e+01 8.677891034404332515e+01 8.293849887850441860e+01 1.022749605359469172e+02 1.168356206638899408e+02 1.200144534347845280e+02 1.071259755377162577e+02 9.301227605536696785e+01 9.115630942665600855e+01 7.107297676736551750e+01 8.464041589659201748e+01 6.973210354776550446e+01 7.371556773475730040e+01
8.123562255653355635e+01 6.741062367503555208e+01 4.728749841331937631e+01 6.221485507421707695e+01 6.726535338849855350e+01 5.883251423132834645e+01 4.295077583661093712e+01 5.812145641463417434e+01 8.124814552766893883e+01 9.838481629761137981e+01 9.691963052255651689e+01 1.048145114077323399e+02 1.046260749371794390e+02 8.446794910399228229e+01 7.033720171909220653e+01 8.387193921117551554e+01 7.798431754109954284e+01 9.808591529719471680e+01 1.109175103246877967e+02 9.616517240187531002e+01 7.692153808177906171e+01 9.052304916802390267e+01 1.097864628336197654e+02 1.146501911732288193e+02 1.065061799213104052e+02 9.496646499572852917e+01 7.567887393387938744e+01 8.928499824397427176e+01 1.039133984248477560e+02 1.120256012945458650e+02 1.212396750200655333e+02 1.074505504227837065e+02 8.749426232955769933e+01 7.648154384995963539e+01 9.650882562634200212e+01 8.137631593067295910e+01 9.376073683040642948e+01
8.432631590921140230e+01 7.559640419003775946e+01 6.221485507421709116e+01 4.206799666355540523e+01 5.732838567708859046e+01 3.992393016854520482e+01 6.007011565118688168e+01 7.146231836964484785e+01 8.016947069675519799e+01 8.825176505080094103e+01 9.802407127124867259e+01 1.055375237674378184e+02 9.720115550848568375e+01 9.720115550848568375e+01 8.387193921117551554e+01 6.377710010078236991e+01 7.798431754109954284e+01 9.808591529719471680e+01 1.028628566144374474e+02 8.361548236787936617e+01 7.251584054587222283e+01 9.175037991199369003e+01 1.069768020271144877e+02 1.034117922321367331e+02 8.712184824171859532e+01 9.028853704209775799e+01 7.102771113483217391e+01 8.814567654792740825e+01 8.460196192256061920e+01 1.013150374248873362e+02 1.103218893103782392e+02 1.156312290481225205e+02 1.022813083295943102e+02 8.228484167390301707e+01 1.022813083295943102e+02 9.554842214180403914e+01 1.055920704203170857e+02
6.450311029682340802e+01 7.030919279583653747e+01 7.042792876547038361e+01 5.732852425124480789e+01 3.719648813009288091e+01 5.732840661736763366e+01 4.706386078311464871e+01 5.318987466303510558e+01 6.036631472362000039e+01 7.038381528600835679e+01 8.995512610750218130e+01 9.720115550848568375e+01 7.765564261764819776e+01 7.765564261764819776e+01 8.007437157389313143e+01 5.992922615258658681e+01 8.007437157389313143e+01 9.646103271850947181e+01 1.014363147210917617e+02 8.218580110941930172e+01 6.859408168523734162e+01 7.969116636733785697e+01 9.893400279839967482e+01 9.531463080803698062e+01 7.601425654315205804e+01 8.417155453074519755e+01 6.661779579484743863e+01 6.891165203757459778e+01 7.445684600196764791e+01 8.403110008355102423e+01 9.697569860688236076e+01 1.144760558990288501e+02 1.089391878947101162e+02 8.896554919936288286e+01 1.089391878947101162e+02 1.154480768475784345e+02 1.131341301840350866e+02
6.450311029682340802e+01 5.027983406308092640e+01 6.029451342945875325e+01 5.566238508689952624e+01 3.553553896527611045e+01 5.566238508690270947e+01 6.716159982337084955e+01 6.352675031114950599e+01 7.316799775800588179e+01 8.825176505080094103e+01 9.802407127124867259e+01 9.656489024153536604e+01 7.643866750959709577e+01 6.404372873706373070e+01 7.578076000542046131e+01 5.627017462862702502e+01 6.796174097906249756e+01 8.805983880359164573e+01 9.865365912653510350e+01 8.431323266822619189e+01 6.506862956795716002e+01 7.867643424434055532e+01 9.792166787153406915e+01 9.669413123073088911e+01 7.735748793499357134e+01 6.489846374149405506e+01 6.228403905734274559e+01 7.316226626072472072e+01 8.826337782280813826e+01 8.499029816916014113e+01 9.515288363322245857e+01 1.149924572437391959e+02 1.171130484456864025e+02 9.899207820945223091e+01 1.171130484456864025e+02 1.292751034502833818e+02 1.095065292231770400e+02
6.379123533683885938e+01 6.029451342945875325e+01 4.017433053621341088e+01 5.171523861734721805e+01 3.389040956319427522e+01 4.814081320331074210e+01 6.819152119575882409e+01 8.333482544462853525e+01 9.145216529099661784e+01 1.008654799457610380e+02 1.077026656381314638e+02 9.552131436276101795e+01 7.168087089787252353e+01 5.660184729450632801e+01 6.477305418817022087e+01 5.288230506005810128e+01 6.718702895960167609e+01 8.729637468276087020e+01 9.063245704410520887e+01 7.139316382149034723e+01 6.172633742101460541e+01 7.664528516024846283e+01 8.455567177908714882e+01 8.678903417905077333e+01 7.711699625544633818e+01 5.799383780020226453e+01 7.735748793499357134e+01 8.949598896069737464e+01 1.000064716046838242e+02 1.035605965345289974e+02 1.123791559787349428e+02 1.238983333096747401e+02 1.270237361569888037e+02 1.188862975799678026e+02 1.270237361569888037e+02 1.239465034129408423e+02 1.292751034502833818e+02
6.379123533683885938e+01 4.372114007250264933e+01 4.959953487636669678e+01 3.158823412551232224e+01 3.627924837369739208e+01 5.598080947813235753e+01 7.126119991870376680e+01 7.949820318921139517e+01 8.955177352375319799e+01 1.017178857521530091e+02 8.722573159946992405e+01 9.465331922919298790e+01 7.346871997648727870e+01 5.776471615940952375e+01 4.841007291415542824e+01 6.859934918253691194e+01 7.307691981208986931e+01 9.322153071527557699e+01 9.865365912654316105e+01 8.776402276009116576e+01 6.850566525756111957e+01 5.726198295455186127e+01 7.255477027107387755e+01 7.025718953506084574e+01 7.050458415641797671e+01 5.529870896624925791e+01 7.493670088380979166e+01 8.712204036898388892e+01 9.310018373226829169e+01 1.002002601138059106e+02 1.086834146087798132e+02 1.204953956704325293e+02 1.204962805036642237e+02 1.123696550288780998e+02 1.157309798629554081e+02 1.045040450425307341e+02 1.183143738711064827e+02
5.328750452762074730e+01 4.752909136958691505e+01 2.948337979635419615e+01 4.959953465695769381e+01 4.998584098881678273e+01 4.384471066112384818e+01 5.053766984632526515e+01 6.111598248899184682e+01 8.140641734841550203e+01 9.139628678713101806e+01 7.252399526873256264e+01 8.795393177469141222e+01 7.437416026870261021e+01 6.374792403215663228e+01 4.581117199804457130e+01 6.007325161540784819e+01 8.016015996394088461e+01 8.709890994674475451e+01 9.548969583607841116e+01 9.577824714791391614e+01 7.986419131143534855e+01 6.053365154370933254e+01 5.304292033372109927e+01 6.788790242265388031e+01 5.196552846638972767e+01 7.187752002933399353e+01 6.226609097916820446e+01 6.745755382760208363e+01 7.327292142499852901e+01 8.011820633492224886e+01 9.156143894339284373e+01 1.120010928090954252e+02 1.092859665933925442e+02 9.303673156707419878e+01 9.636301912655471824e+01 9.088297045374591221e+01 1.086159082163896841e+02
3.290801513489625307e+01 2.742918602581479348e+01 4.548563629477436621e+01 5.749265543469336848e+01 7.045293271011949798e+01 5.837478720795409970e+01 7.126119991870376680e+01 7.949820318921139517e+01 8.955177352375319799e+01 8.287364099510838855e+01 6.171238772797207872e+01 8.287364099510838855e+01 8.016964367901655919e+01 5.822297923894552696e+01 4.330122399985717152e+01 6.345445935270509352e+01 7.290814224042098601e+01 6.703013379597544485e+01 8.709890994674475451e+01 9.347755601405332015e+01 7.422536774650519931e+01 7.986404248011442064e+01 6.880178799299595482e+01 4.915704709317196119e+01 4.967578763146800469e+01 6.999368882081789423e+01 8.186648608697663576e+01 8.712204036898376103e+01 9.310018373226625954e+01 1.002002601138059106e+02 1.086834146087798132e+02 1.148969609018145235e+02 9.553758200523660093e+01 8.178118658281613307e+01 8.261612178629189884e+01 8.110686640068993825e+01 9.487249083376462977e+01
4.609232036853141068e+01 2.602199782015985363e+01 4.610302228383604017e+01 5.438908050225517599e+01 7.444134170011730589e+01 7.878687561180657895e+01 8.251343972168682228e+01 9.075376011283999844e+01 8.971925127381885545e+01 6.898820791712964251e+01 5.438650014428378654e+01 7.556249024076807075e+01 7.878685807996214407e+01 6.102157165704723241e+01 4.086810775490017988e+01 4.667980237996840032e+01 5.278115119316419879e+01 6.443107506479496749e+01 8.448803787393073605e+01 1.015124842609298383e+02 9.347755238460509020e+01 8.397100242195432429e+01 6.624702950600644158e+01 4.648118915422277553e+01 6.624702947248893281e+01 7.487657800600379687e+01 8.222168065731429465e+01 9.032553038472630647e+01 1.000757875331630800e+02 1.059041038945245958e+02 9.793857482031222617e+01 1.059041038945245958e+02 1.059713143886279312e+02 9.082382812421329277e+01 7.107509678882732373e+01 8.513872444986571963e+01 1.045488825183205250e+02
3.717345287699975387e+01 2.462354063705884144e+01 3.367504711468266265e+01 4.908426092081575121e+01 7.260857100191584834e+01 7.921003161207549681e+01 6.247751555674345525e+01 7.921003161207549681e+01 8.369969433085489641e+01 6.289451072189718417e+01 4.790058268426631827e+01 6.898820791712964251e+01 7.042973542472631721e+01 5.029194351526709994e+01 3.865204411044749122e+01 5.880317584417434773e+01 7.290814224042098601e+01 8.125989807153717948e+01 9.286986065255462108e+01 9.122322251457157449e+01 8.326650728754199804e+01 7.587432880007460767e+01 5.630594278852202450e+01 4.477841262163907032e+01 4.998391570849239685e+01 5.534206313620612150e+01 6.278836568770952908e+01 7.249789577549519493e+01 9.194546553914678100e+01 9.620448532720759260e+01 7.846943964651482872e+01 9.620448532985267320e+01 9.789548088760945177e+01 7.835431586313563912e+01 6.669080045819512748e+01 8.089838116141910973e+01 1.004106213634410096e+02
2.268440575926711844e+01 4.271622041537560932e+01 4.099500720819739996e+01 6.092595491385413453e+01 7.490551707594183029e+01 7.094569351159383075e+01 5.082239246261743659e+01 7.094569351159383075e+01 8.228379990193812432e+01 6.377660108564576547e+01 4.277237098843193053e+01 6.377576380651155574e+01 6.200542388962292506e+01 5.370586031760351631e+01 3.650422535338681485e+01 4.657455264445896859e+01 6.083680373127872087e+01 8.094528364557667999e+01 9.862666216275223974e+01 8.252919412552782319e+01 6.388017700443904090e+01 6.745575015031101884e+01 6.082384041467666691e+01 4.318298129775109118e+01 6.300641980069111980e+01 7.487657800473110115e+01 6.917913933864124942e+01 8.863141170753948472e+01 1.000757875061129454e+02 8.820400723340280535e+01 6.833409855192012117e+01 8.820400723341361982e+01 9.875727358888785545e+01 8.284836929367399705e+01 6.278651243877639132e+01 8.284836929371114422e+01 9.651792248263303975e+01
