MOVIE_S2_data/elevation_000913.asc
nrows	100
cellsize	150.0
xllcorner	0
ncols	100
yllcorner	0
NODATA_value	-9999
[rows 34 to 50 of 100, columns 0 to 36 of 100]
2.978181695229736945e-03 2.000297818169487485e+01 3.180718174218624839e+01 3.887824955405299221e+01 4.716252080687721104e+01 5.234812122037961046e+01 3.624184390791172206e+01 4.985882622258207419e+01 5.563233769599602141e+01 6.229903060896725719e+01 7.058484658787530464e+01 8.058767558798572850e+01 7.876438291980970519e+01 8.732753411382326192e+01 9.461252173783122998e+01 1.023275581294649612e+02 9.650630680045829024e+01 7.676747052490568990e+01 6.254291687200733207e+01 5.077048733640548051e+01 4.978077262796830382e+01 5.496724759075211608e+01 7.507384700122035781e+01 7.469823157502605682e+01 5.484468258761678783e+01 4.070913660814756696e+01 4.209673033676585874e+01 5.450265065403210940e+01 7.436088310970556847e+01 6.583567350307328070e+01 5.180519855141180585e+01 4.193875553966499581e+01 5.009441452038983300e+01 6.010767890552190096e+01 7.990616837716305554e+01 8.110583442276981714e+01 6.140373606757371050e+01
1.893497408783086870e-03 2.000189349740842815e+01 3.748387632345904308e+01 4.576822483770435213e+01 4.649032843802933002e+01 3.234811730132283714e+01 2.469483852395637058e+01 2.985881631889950327e+01 3.563231901079555541e+01 4.229898567746198523e+01 5.229898567794195685e+01 7.229915853966531358e+01 8.906018078606831523e+01 8.109486913790819074e+01 7.579655923053643107e+01 9.461252173948325606e+01 9.989342558794501770e+01 8.242690877876945876e+01 7.399437932011501573e+01 6.237319804475890805e+01 4.220931299218248967e+01 5.621102557099526820e+01 7.496404573893318002e+01 7.976632712088991184e+01 5.994767088035967362e+01 5.450266158782226000e+01 3.443788607809599966e+01 5.450266158782226000e+01 6.200166880926741442e+01 5.378440312696724845e+01 3.766160798938186360e+01 4.661490478758955192e+01 5.815792888418378226e+01 7.797923838721963818e+01 8.807582792163724150e+01 8.006686010642707174e+01 6.381046797300908935e+01
9.179827644033159914e-03 2.000917982764367764e+01 1.748387337727890767e+01 2.909914784432708146e+01 3.243248247049927357e+01 1.820598167872598339e+01 3.820598162703478096e+01 4.985882622258207419e+01 5.563233769599602141e+01 6.229903060896725719e+01 7.058484658787530464e+01 8.058645838048214216e+01 8.130759360333986763e+01 6.218071791930950099e+01 8.130762704642297933e+01 8.511355117150324645e+01 8.726162702166460861e+01 6.701525874767851576e+01 5.249729523473536830e+01 5.846387688845874209e+01 3.842278225775820033e+01 5.268329469980258750e+01 7.314983734174192875e+01 7.398593572601360790e+01 5.413296292834355228e+01 3.996188069614127159e+01 3.073398494198257680e+01 4.790753732439774382e+01 5.028662751677978093e+01 3.369121201071246219e+01 5.378440312696724845e+01 6.583566847488792462e+01 7.472480120742154952e+01 8.615424443739338756e+01 8.561113188053043643e+01 7.188795244984207500e+01 5.223610500941516221e+01
6.604900230173384179e-03 2.955444023328122505e+00 5.936867993327854087e+00 9.099145653496259811e+00 1.243247898682962216e+01 1.999176844701403510e+01 2.999176844672908615e+01 4.413390406214742256e+01 6.413402816069627477e+01 6.802459911912437462e+01 7.659641322488124615e+01 8.695072989713976597e+01 7.482401730280673746e+01 5.573578424643800844e+01 7.309247672211398594e+01 6.806504571964192962e+01 8.511355117150324645e+01 7.486259329789930916e+01 5.455686546236027823e+01 3.999195777276966624e+01 3.481495532407438276e+01 5.486439003436462514e+01 6.955245019806162077e+01 6.443673315751577491e+01 5.621239645556883602e+01 4.776308901805398932e+01 2.723828031288061169e+01 2.739376560677015959e+01 2.995967200261963370e+01 5.028662751677976672e+01 4.381825958522477293e+01 5.794470882260340971e+01 7.776707913771866743e+01 8.561113188053043643e+01 6.589602211177150082e+01 6.951381216172397615e+01 5.771075119666168973e+01
5.101467937297931264e-03 2.000510146793694233e+01 2.593686923768870756e+01 2.324128129122139086e+01 2.397948437115225317e+01 3.999176833434142253e+01 4.827715068073366211e+01 5.827713030165033103e+01 6.464537944606314568e+01 4.732210891535269326e+01 6.464539253040034339e+01 7.854276026503534069e+01 6.132360179509126397e+01 4.995660281320989782e+01 5.441502197197577573e+01 6.889151093472696630e+01 8.999829740898208286e+01 8.069669284396138664e+01 6.050427544846118622e+01 5.137423143676050330e+01 3.119261031956492047e+01 4.124970854430608114e+01 5.540107937118382608e+01 5.621239645556883602e+01 3.597725503005519698e+01 4.190399073531928309e+01 2.383189203559382108e+01 4.455765243052286451e+01 5.028662751677976672e+01 4.662962074279447933e+01 6.375054666870975240e+01 5.794470882260340971e+01 7.776707913771866743e+01 8.345039973413379641e+01 6.374108857571255271e+01 4.986617759128926508e+01 5.496352422936404736e+01
5.600358222118538565e-03 1.999697915863571041e+01 3.819301642681852371e+01 4.324128825289576383e+01 4.397949316902602845e+01 5.226401243216396608e+01 4.800987128224349476e+01 5.671695768765226831e+01 5.607201455210487495e+01 3.529085595107112994e+01 4.853730715911804339e+01 7.281500997864225155e+01 6.219927763745909743e+01 4.447049285491775805e+01 6.363638080462610702e+01 7.625981983890645211e+01 8.419053756983741721e+01 8.172814438677706050e+01 7.174490840337544739e+01 5.348012811234391251e+01 3.338481395011081787e+01 2.672831911715333320e+01 4.343634806779486013e+01 4.090553728207074613e+01 3.932343854179085696e+01 2.109891381815583244e+01 4.190399073531928309e+01 3.866268969018289425e+01 5.878935142793547186e+01 6.655844164691595211e+01 7.475520763507974209e+01 7.776707913771866743e+01 8.594830225123770617e+01 7.577295546808984739e+01 6.760755228013660201e+01 5.901170972999003794e+01 3.939137168221294161e+01
4.575904209876861112e-03 1.000455494461221662e+01 2.999738952952647608e+01 4.300897951758604165e+01 3.440847754034773232e+01 3.353448016633689832e+01 2.753857656071555127e+01 4.800987155839386133e+01 4.860616381662541130e+01 2.711724773954117396e+01 4.860616383640152094e+01 6.154240995194724206e+01 5.985800409380266984e+01 4.059740115982047826e+01 5.985800409460423310e+01 5.683571369772516846e+01 7.625981983890645211e+01 7.352498831822920522e+01 5.349128893858169675e+01 4.345211622856324141e+01 4.712543044042839568e+01 4.343634668491515782e+01 2.285146182314063523e+01 2.026473320708200276e+01 1.850538721458761771e+01 3.932343854179085696e+01 5.020699409378551081e+01 5.878935142793547186e+01 6.700249892981227617e+01 6.537436125382303942e+01 7.342302260367657141e+01 8.459769542260256969e+01 7.577295420913753787e+01 6.441883195380472671e+01 4.796114820639348153e+01 6.441395520780733364e+01 5.017127394378574934e+01
4.658155261040713979e-03 2.000388620471306922e+01 3.822443548540639569e+01 3.125886958549854810e+01 1.422720487725138661e+01 1.337131358195023445e+01 3.353448008917598600e+01 4.376870922636401673e+01 3.513809929978611279e+01 2.112224451266950354e+01 3.188019880654832505e+01 5.297216141736636530e+01 5.626527688785628101e+01 3.692985928313543553e+01 4.303154691552276745e+01 5.683571369772516846e+01 7.625981983887746196e+01 8.172814438677706050e+01 7.174490840337544739e+01 6.350813862840543322e+01 6.714787342629274747e+01 5.172684359065321757e+01 4.343633912727299418e+01 3.751817222969782506e+01 1.668740186601119291e+01 3.739605897032654269e+01 5.622455241238865398e+01 6.226758159342406884e+01 5.424508203666094630e+01 4.609788419803522430e+01 5.722544897368528183e+01 7.650598244170200246e+01 6.760755227838052406e+01 4.796114820639348153e+01 3.663143981150081885e+01 4.748414921651173159e+01 4.498078675801548343e+01
5.330849696878311485e-03 1.999354445881819586e+01 2.089205544822280203e+01 2.105287096812155312e+01 3.731236715969347806e+00 2.271469900183147317e+01 2.984308894047871163e+01 2.917499055019590060e+01 1.445610422030129349e+01 2.899151842946326596e+01 4.997725820093618410e+01 6.154240982796957127e+01 5.277822479167686964e+01 3.337459135413845246e+01 5.277822479176790438e+01 7.051312563378127152e+01 7.402922872680241539e+01 6.417016629183983412e+01 5.600087876934119890e+01 5.946183249937486437e+01 6.633390472847524677e+01 5.325558881623693708e+01 4.010202730861023213e+01 3.575824836051317845e+01 1.515212819073155792e+01 2.890803533092612199e+01 4.649294858651873597e+01 4.510535856784270692e+01 3.485680039312322265e+01 5.084786767558276921e+01 5.902005424580132598e+01 6.844591292148429318e+01 5.999938055070942511e+01 6.441883193069392632e+01 4.748414921651173159e+01 2.781844045595626724e+01 2.529713598358864601e+01
9.384206039104543359e-03 3.262861056221256773e-01 6.432277945077812253e-01 9.602889412865731611e-01 1.277469765855971939e+00 6.640723532343414170e+00 1.569169185284344259e+01 9.407664266049458490e+00 2.917499045382945511e+01 3.513809925643273147e+01 5.604677583730690316e+01 5.899401997439999690e+01 4.977571379668825102e+01 3.033094736403104719e+01 4.405943783848515238e+01 6.357602474124953318e+01 6.585811578957890333e+01 4.614364208690614788e+01 3.624666845211790900e+01 3.850028512994055774e+01 5.429720575731285948e+01 5.117399512034418763e+01 3.805042308093412373e+01 2.419345090462121917e+01 1.384926137589422268e+01 2.324825840007405731e+01 3.857350539079536844e+01 2.552813990191927118e+01 3.687566662270226203e+01 3.108819238874469093e+01 5.084786795377353741e+01 5.660215141303605435e+01 3.943474053295214787e+01 5.660215141285874552e+01 4.203054247415277445e+01 2.233672965775221542e+01 3.947447294422148190e+01
9.768314284573654735e-03 1.896100379834028971e+01 2.013018226821041878e+01 2.070952568633700608e+01 2.108745218330118831e+01 1.726997882187727651e+00 4.986764351447074084e+00 2.603596323481125907e+01 2.353019985362625377e+01 4.603647348357215918e+01 5.899401993519570198e+01 3.940086138115055547e+01 4.299627293455751698e+01 2.741185853937132677e+01 3.863342569440244745e+01 5.819580696751022941e+01 7.402920373434893975e+01 6.417016618921390148e+01 4.612377353409500103e+01 2.624886026855198295e+01 3.874476993839459738e+01 3.683412884517122166e+01 1.761975742773597275e+01 1.284978968599022942e+01 1.326107060276421024e+01 2.791481981270099055e+01 3.321382985191076642e+01 3.465159402965308288e+01 1.785977167040678637e+01 3.133953527160746333e+01 5.226416566610306802e+01 4.803540623550773603e+01 2.780190426331095921e+01 3.764810939686440605e+01 3.777112127782731932e+01 3.585659652339289494e+01 1.838300459084859639e+01
9.313476842122882932e-03 1.147860205430136560e+01 2.944185873998383940e+01 3.280410049890975444e+01 1.544985837611682733e+01 2.046323467515492656e+00 8.607069342277277713e+00 2.700687584856071410e+01 4.577867488689354047e+01 5.417012118100048923e+01 4.737951549254539430e+01 3.938716574906646173e+01 2.343180725426316258e+01 3.469132512679940561e+01 5.399312112905312233e+01 6.621848319188121934e+01 5.889880688968644762e+01 5.674480865050519895e+01 5.429740494766184611e+01 3.874477022050386665e+01 1.880400685530518601e+01 2.581152192323130734e+01 1.226812791459900076e+01 2.683125167598058169e+01 3.245501482396473847e+01 1.381892095759699934e+01 1.420392716495434904e+01 1.458191734355065350e+01 1.495487098096606005e+01 3.436243771564590332e+01 4.365102388513589204e+01 4.263330884226459716e+01 2.345210992570414987e+01 1.740769390629204239e+01 1.778281881601790815e+01 1.815994902785791254e+01 1.854260896227237509e+01
1.757287057980242524e-03 2.000175489832790987e+01 3.753925642605244661e+01 3.811751306029183439e+01 2.491812029908208714e+00 3.472973809760889097e+00 1.379219944521239327e+01 2.303817835134988457e+01 4.159207105872784638e+01 4.401328238151748451e+01 3.489128300875032807e+01 1.973829345319049722e+01 3.363348017113520427e+01 5.090480090022680315e+01 6.199285129425389584e+01 5.889880747982680020e+01 3.920397323562990266e+01 3.704940429365407084e+01 5.095318578433963097e+01 3.906037674346936939e+01 2.527767000656414709e+01 1.166530623505408393e+01 3.209309358752636143e+01 2.479067014396282076e+01 3.763339492570788991e+01 2.599816459576575411e+01 3.236389282746539209e+01 2.351913983751191850e+01 3.464122278495800344e+01 1.547577808318322923e+01 3.551024872439744939e+01 3.474576991478761556e+01 1.688004264029442325e+01 3.060697490886803607e+01 3.772003169186400839e+01 3.225739826406483957e+01 3.850184849689546240e+01
1.954507115700021471e-03 1.154895989089964736e+01 3.154895733168234528e+01 3.405262434156545481e+01 2.800655101377893974e+00 6.632307790636982503e+00 2.316339807896292413e+01 3.748963479837251356e+01 4.066239203925122325e+01 3.259378561814567377e+01 1.618321731571328570e+01 3.593389958553427022e+01 4.748551011069349670e+01 6.133753332697349236e+01 6.879431929945690172e+01 6.085451662404857132e+01 4.281804289561485177e+01 2.301253386367827503e+01 3.291296123205072632e+01 3.113376322184067746e+01 1.105746322478124632e+01 3.086890454766649583e+01 3.992139367790251470e+01 4.174817874198359391e+01 4.050527033607815497e+01 4.097013956241500665e+01 4.978904758894078242e+01 4.178787095187188783e+01 2.474834638917931784e+01 2.405533155019697844e+01 1.599165371152122361e+01 1.635461098219487752e+01 3.440326334089090210e+01 4.316188271956223588e+01 5.421444387661642850e+01 5.131289023209647837e+01 4.253002083888538465e+01
9.499524778340364892e-03 2.000949897359322804e+01 3.983309336797564981e+01 3.351880945501441289e+01 2.306817987151768534e+01 3.236176205423267227e+00 2.314444208940942360e+01 3.726710857828426526e+01 2.933337793447244124e+01 1.273331275332963486e+01 3.259378563358956171e+01 4.404987731522020766e+01 5.578483224299483112e+01 5.776531105232364638e+01 6.085451662405300510e+01 4.155077686176973373e+01 4.720471129843590319e+01 3.291454600612301107e+01 1.093347749571785954e+01 1.048002068050440450e+01 2.802338823205505847e+01 1.401515860172753136e+01 3.420665958488589098e+01 4.493107420263864071e+01 5.775857825393689637e+01 6.087381331694550113e+01 5.457746645194369961e+01 3.507809178184244558e+01 4.414803697200656529e+01 4.059946641848679150e+01 3.601933928922505856e+01 1.993920422117925284e+01 1.876798483440671816e+01 3.851739392181106325e+01 4.886571926889148898e+01 5.997641245488519957e+01 4.256599928810826583e+01
7.291241591682445615e-03 2.000729124159132866e+01 3.722139731414028319e+01 2.558883126791308271e+01 6.020904527876222545e+00 3.551117740266525935e+00 2.346765207900418204e+01 2.599325546403635556e+01 9.399299304254192577e+00 2.928588748256875007e+01 2.787192808416550704e+01 3.609344437379750303e+01 3.761370591069005087e+01 3.539625324879549595e+01 4.445873665716624146e+01 3.631985654689052012e+01 2.825230361964306169e+01 3.930899136474236144e+01 1.483514894164268760e+01 1.010108475062684974e+01 3.076278255342931800e+01 3.420657981208097453e+01 1.678957182285432737e+01 3.680196707584503457e+01 4.757975110838749799e+01 6.149175586579990238e+01 6.272429361613654208e+01 4.883289074532219587e+01 5.457749693122261192e+01 5.083950643198019748e+01 3.027438826215195888e+01 3.896663721201947084e+01 3.852119851651892901e+01 2.120570057930939356e+01 3.267946745271432007e+01 5.211025208613715876e+01 6.224745732110122276e+01
1.086749991637594439e-03 8.945358465197321252e+00 2.308717607249359105e+01 3.390934565001197853e+01 2.557979958564426326e+01 8.928503299849595010e+00 4.014026022683616191e+00 6.228152625428001521e+00 2.465491025183172624e+01 2.499757512275772697e+01 9.769838670034177497e+00 1.875385581611440244e+01 3.682986059141859414e+01 2.195710458328304426e+01 2.912120471883210726e+01 1.806305248418020071e+01 3.170928981756222242e+01 4.802539392760153447e+01 3.067757734849913831e+01 9.743363017824488992e+00 2.721342901882301035e+01 4.089203248512633593e+01 3.680196391908086184e+01 1.953959537467188667e+01 3.366774596182072798e+01 5.018785022669650431e+01 6.367161360208138632e+01 6.844620309571573102e+01 7.421851374407853541e+01 5.944802200789200697e+01 4.198176336154237021e+01 5.296844527115762702e+01 3.555657842957015902e+01 2.295959460068197089e+01 4.256101639617770616e+01 5.302874342402567009e+01 6.602360777145236170e+01
