MOVIE_S2_data/elevation_000343.asc
nrows	100
cellsize	150.0
xllcorner	0
ncols	100
yllcorner	0
NODATA_value	-9999
[rows 51 to 67 of 100, columns 0 to 36 of 100]
8.392818110607037224e-03 2.000839281811025216e+01 3.207416393440362157e+01 3.930029632025249953e+01 4.537390176327033942e+01 3.767342900911908288e+01 2.875359607355854408e+01 4.877156783359139780e+01 4.719565387269274481e+01 3.010185941630393813e+01 3.243654695760307760e+01 4.500582803202153315e+01 3.579896176960710363e+01 2.754765858025736591e+01 1.071123777794811005e+01 3.016997881223363365e+01 4.150355491798047325e+01 5.191396715957712615e+01 5.075052598020828754e+01 3.816136397689117388e+01 3.684025754053075730e+01 5.444515645245293456e+01 4.417727250485206270e+01 2.225309992455649777e+01 3.059370415878715121e+01 1.763439952297618873e+01 3.967870028404202998e+01 4.478610091355616163e+01 4.187291366415523441e+01 2.140744940761115700e+01 1.382149426517549884e+01 1.239089103573514983e+01 1.275701337314616879e+01 1.449485016937055804e+01 1.938211463963139991e+01 3.378515731036600300e+01 1.451411724246306001e+01
9.749586777120887796e-03 6.034112704088840040e+00 1.232620088805150615e+01 1.976567337591388096e+01 3.100234843405743845e+01 5.063553127452077263e+01 4.566470572676165318e+01 5.237975275609633030e+01 5.804934244505861329e+01 4.939382017929955992e+01 5.236672783262987707e+01 4.884628296763189326e+01 3.614626351313700070e+01 1.627105798964445427e+01 3.016997883474900632e+01 1.342629484417119201e+01 3.322176093251459861e+01 4.468150292299889514e+01 5.881859763806304642e+01 5.588736006678060164e+01 4.930595584714362190e+01 6.195021593064618770e+01 4.853549166771780676e+01 2.969764752920061568e+01 4.023150770221653971e+01 2.079608777887012394e+01 4.108048931231169121e+01 5.462623908371830339e+01 3.449386203324482381e+01 4.186162004770713452e+01 2.317043943843112430e+01 3.249611797935738622e+01 3.287207063692423503e+01 1.327200467151841146e+01 1.363229572509280985e+01 1.399690588527526103e+01 2.253316692903706908e+01
8.728394755072454644e-03 2.000872839475471565e+01 3.207416369745132556e+01 3.930029505170457327e+01 4.749506865977764392e+01 5.887367957816850605e+01 6.859131185574483425e+01 7.492006691302792376e+01 7.419931640860630750e+01 5.446214571102090929e+01 4.050328673361523357e+01 2.897804448525706178e+01 2.264596432149379623e+01 3.614626351313700781e+01 4.150355695607169793e+01 3.322497072949719410e+01 1.643522861590442830e+01 3.054433683583392423e+01 4.806626614289888977e+01 6.219643002950377308e+01 6.685228424830137328e+01 6.195645794705652776e+01 4.297940308141034649e+01 4.853765376415645960e+01 4.436826557894747225e+01 2.410105152226867631e+01 4.436826557894747225e+01 6.285281631482263975e+01 4.877651644973146716e+01 5.214412058954590634e+01 3.523276382014234542e+01 5.213594574923617131e+01 4.704003362731530302e+01 3.616146978158728587e+01 1.528104708042640247e+01 3.217169504367220156e+01 1.833315688322736037e+01
2.389047986999138715e-03 2.000238904748099245e+01 3.000900335625675552e+01 5.000856917028645654e+01 5.513533191561842273e+01 6.306452810333953352e+01 6.518021334981048653e+01 6.518021334612670614e+01 7.344977542272125959e+01 6.280405358011643813e+01 4.306478508171772290e+01 4.884628296718467766e+01 2.972734035676001696e+01 4.964007831910927138e+01 5.054329585243004175e+01 3.054433683647887676e+01 3.640189631557917238e+01 1.974718413621972246e+01 3.393614792882702602e+01 4.406646183738692457e+01 6.401789432191077367e+01 7.025733494276666136e+01 6.195645794746933177e+01 6.182792887011571992e+01 4.520262735444724456e+01 2.757054190105016644e+01 4.312989989290981185e+01 6.390639761108710104e+01 6.874871880281020253e+01 6.381719532375635850e+01 5.540287078197599158e+01 5.005565331216381253e+01 3.900967333639918877e+01 1.784245125187070613e+01 3.637916386077162656e+01 4.288167249444829565e+01 3.675676742620404269e+01
9.035844539165390626e-03 1.000903584452381345e+01 3.000902222476930348e+01 4.472570359731940215e+01 3.554705660175546456e+01 5.183116811426334891e+01 4.521272286122898976e+01 4.521272286122879080e+01 6.518021334189279514e+01 7.103287797664741277e+01 6.280405358011643813e+01 5.787681829414533041e+01 3.972794335640685404e+01 5.787681829414533041e+01 5.881868757055475072e+01 5.054329585243004175e+01 3.562975150015807912e+01 2.400666974930454600e+01 2.400666974930454600e+01 4.406646183880858558e+01 6.300990609405241827e+01 7.297699017361685492e+01 7.645160644086962520e+01 5.908736149168251472e+01 3.353034340047923934e+01 3.526191676294917698e+01 4.416698415109709686e+01 6.052625129257697978e+01 7.245957074154642896e+01 5.232252578467905124e+01 5.232189707593477834e+01 4.170739954876607669e+01 2.065192027845353806e+01 3.900967333577506224e+01 3.303574759729142585e+01 5.361914279930810778e+01 4.971403908845506692e+01
9.762552285145669959e-03 2.000902092813501199e+01 2.494329212125082762e+01 2.490320110671269305e+01 2.404214088328915366e+01 4.382606064117803868e+01 3.107683608123484120e+01 5.106106542122348202e+01 5.732830091888236268e+01 6.559721408771449092e+01 7.130043648329785810e+01 6.780276759091938743e+01 5.955221328181217899e+01 6.780276759549458632e+01 7.552894216916254777e+01 5.559122248483080853e+01 4.878615160720491417e+01 2.876220376356107522e+01 2.751518381849244932e+01 3.477283412176169008e+01 4.478581920835085839e+01 6.469143496187010101e+01 6.791937730472741919e+01 4.760099263362476307e+01 3.845217859263348004e+01 4.814870319570800916e+01 4.815282584060501847e+01 6.744657456971154375e+01 6.663667758913054229e+01 4.639341001275975884e+01 3.141809015184425746e+01 2.360861024654391827e+01 3.576099107584543901e+01 5.006888563246874924e+01 5.363973492594710990e+01 6.211624062925242384e+01 5.869063991570051542e+01
8.769847284209264732e-04 2.462706804315080600e+00 4.943401496099260051e+00 1.250263131279276685e+01 3.156852867371373961e+01 3.457238225626230843e+01 2.400596665042085220e+01 4.171357870389812916e+01 3.735021375754345030e+01 5.133697059420324393e+01 5.133697059420284603e+01 6.715563169823251144e+01 7.713620156052387244e+01 8.279925691486077710e+01 7.282696573269808482e+01 5.606568825765859998e+01 3.612985609949862464e+01 4.878615160720491417e+01 3.109334765794708844e+01 5.108985036360882503e+01 6.300990609405241827e+01 7.297699017361685492e+01 7.645160644086962520e+01 5.767429652038634913e+01 4.349926887365966621e+01 5.723825587388110137e+01 6.800651432049365042e+01 7.710654201602068269e+01 7.091672975013494806e+01 5.138293343186000328e+01 4.644391259410652140e+01 2.578206210500940543e+01 4.644423917910763322e+01 6.437678043083623436e+01 7.292195091145852359e+01 8.060089405299848409e+01 6.874349744476361934e+01
6.221065917130529088e-03 2.000622106591677607e+01 2.494345273584300671e+01 8.828544945736787497e+00 1.162910511433081417e+01 1.457794423975744280e+01 1.800791596113196391e+01 2.172182286833767506e+01 2.580430676643127796e+01 3.135131450994596491e+01 3.891040185654875216e+01 4.890688704159474298e+01 6.886844723592449213e+01 7.449268570963721459e+01 5.459335803936460962e+01 4.466192559276922225e+01 5.023760405283551478e+01 5.473063407814314729e+01 3.478924040108718430e+01 5.473063407872244568e+01 6.886483881003020713e+01 8.036939754135283920e+01 8.661153194870979632e+01 7.008979479240413468e+01 4.977779596829825692e+01 7.008979479240413468e+01 8.516543099389380700e+01 8.298458390958485609e+01 6.303012674203358046e+01 5.424356493744042496e+01 3.963585003365866299e+01 2.795522015959238260e+01 4.878141419416195390e+01 5.617280671676884651e+01 5.162923750465640893e+01 6.776498189165255326e+01 7.486419725446860696e+01
9.675647279733478462e-03 8.953947557278969072e+00 2.895394755727932434e+01 2.894065071456925864e+01 2.317585881542828474e+01 3.457238243393232580e+01 2.800774330194376560e+01 3.326811919336115864e+01 4.579394691838950138e+01 3.735021375754345030e+01 5.133697059420324393e+01 6.715563169823251144e+01 7.713620156052387244e+01 8.279925691486077710e+01 7.282696573269808482e+01 5.459335803928536279e+01 7.013565920441942581e+01 6.299560022979853358e+01 4.632965902548602344e+01 4.071696001022217359e+01 5.218909893373128739e+01 7.206877652014041757e+01 8.766047626997716691e+01 7.863171807685920101e+01 5.878456984025482512e+01 7.863171807685920101e+01 8.530197400803548646e+01 7.379453905202058195e+01 6.303012674203358046e+01 4.278565873493935356e+01 3.229223321337391894e+01 3.936401407227057803e+01 3.231111342493504424e+01 3.563686088959042308e+01 3.907226154106168536e+01 5.883512844521656859e+01 7.260649050911584368e+01
8.858006633845233110e-03 2.000885800663348846e+01 2.528387917583378197e+01 4.528387917583448541e+01 4.316523517019966505e+01 5.143766333870105001e+01 3.955244825948675214e+01 5.325029095370502574e+01 6.152011077669880734e+01 4.734612737311767461e+01 6.559721408779535068e+01 7.957185405084672425e+01 8.106556367974853572e+01 8.692551582456947301e+01 8.279909217725963799e+01 7.449267592014612660e+01 8.279909217727345094e+01 7.449339908923123232e+01 6.620657941800273250e+01 5.218909893373128739e+01 4.798563411419608826e+01 5.942224977812801967e+01 7.934269445790579312e+01 8.781053382388900275e+01 7.317943016580743176e+01 8.781053382388900275e+01 7.704151132085505083e+01 5.711463011753239982e+01 4.539479900214501384e+01 3.688439106052744165e+01 5.290789277732095286e+01 5.802907212755241773e+01 4.024856214800325915e+01 5.617280671676884651e+01 5.950386577770134977e+01 4.441168471974716425e+01 6.465307077529048740e+01
1.018086960643932535e-03 1.414315371069171867e+01 3.414315371069242389e+01 5.356815042329668586e+01 5.324813188455500779e+01 6.154742071615053334e+01 5.952694136119107071e+01 6.779607105893903451e+01 7.557906486411380342e+01 6.731047446464704365e+01 7.557906486428102255e+01 7.520829076452399420e+01 6.106249032841819258e+01 6.692125486841841564e+01 7.604162198670788086e+01 6.775155752700499079e+01 7.604162185656731765e+01 8.604582818605953776e+01 8.036939754135283920e+01 7.206877652014041757e+01 5.942224977812801967e+01 5.788707512324490523e+01 7.193568240570219530e+01 9.194462359632680659e+01 9.385755908477932508e+01 9.045364590255697124e+01 8.218863712073206784e+01 7.379453905202058195e+01 6.069622055072531452e+01 4.040179224700940352e+01 6.069622055072531452e+01 6.859401623420566807e+01 5.042839469560563259e+01 6.859401623420566807e+01 6.845215558445332249e+01 4.834920173463490300e+01 6.845214923128331463e+01
2.494342646960768899e-03 1.414462996637803549e+01 3.414462996637873715e+01 4.057629697642176581e+01 3.321220166288924958e+01 4.737836969698089007e+01 6.741899136570114592e+01 7.724406527547385792e+01 6.895371789385767158e+01 7.155227693146186141e+01 7.984173076141028957e+01 6.692125486845087323e+01 4.692689671496280823e+01 5.623382088577096738e+01 5.775358393567674398e+01 4.775561034446552355e+01 5.774965953653607187e+01 7.189313244882652043e+01 9.190152694853608750e+01 8.766047626997716691e+01 7.934269445790579312e+01 7.779616559607322301e+01 7.193568240570219530e+01 9.194462359632680659e+01 9.365284847265156998e+01 7.379625194241923225e+01 6.234213837209617282e+01 5.526319084890148048e+01 4.883946411964250700e+01 4.496091466846214502e+01 6.508839735927617198e+01 7.852912455367078337e+01 7.029493692963087881e+01 7.852912455368542055e+01 7.244971560400256294e+01 5.246234735762361368e+01 6.662694296295461527e+01
6.187401196855389120e-03 2.000618740119649885e+01 3.203824460005931485e+01 2.055279896868741218e+01 3.210833498912837314e+01 5.214380921027971993e+01 6.778551509568039535e+01 5.948541518407339623e+01 4.886841473661145585e+01 5.147777814306644473e+01 7.155227693146186141e+01 6.974097651225112315e+01 5.623382088577097448e+01 3.626561824040564375e+01 3.778053087404490640e+01 5.189611773812903550e+01 7.189475827057584922e+01 8.295742517925313564e+01 7.911128468669927827e+01 7.857695446591661437e+01 8.074291081398106940e+01 8.910855257195943580e+01 9.194462359632680659e+01 1.002861100442109290e+02 1.019455478239558062e+02 9.045364590255697124e+01 8.218863712073206784e+01 7.517184019674667184e+01 6.887617248906505552e+01 5.114709230509268423e+01 5.512972576475287667e+01 6.922959728653506772e+01 8.909168795163054710e+01 9.084268085688869121e+01 7.097483426098573034e+01 5.688621471440589517e+01 6.839941352492424187e+01
2.476637442850607596e-03 2.000247663744249493e+01 1.202348165147148862e+01 3.203824460005931485e+01 4.887552552402915751e+01 6.044418698749992558e+01 5.617438833210385951e+01 3.934417918580345486e+01 3.720365609183392763e+01 5.735746270926631496e+01 7.224804471984261056e+01 6.145495795379350312e+01 4.147464825699378110e+01 2.998059309607696221e+01 4.991863372448977998e+01 6.602868658876856500e+01 6.425791438275024348e+01 6.332805090601598863e+01 6.194759428732999851e+01 5.864332374724347119e+01 6.079856246116829510e+01 7.517741635707871239e+01 8.145696426687739233e+01 8.986007951779453151e+01 9.889559931623468003e+01 1.057325985528939469e+02 8.580755600424700447e+01 7.179344486845090501e+01 6.186499732760201908e+01 6.271514538990391685e+01 7.504706895379958098e+01 6.922959728653506772e+01 8.909168795163054710e+01 9.302169043408969173e+01 7.314689975915544551e+01 6.266516439274483474e+01 8.252785737623288753e+01
6.350445426094172667e-03 4.720396130747515961e+00 2.472987925665073305e+01 4.033386301140980379e+01 4.619457017759577155e+01 5.526456724852081948e+01 4.785686715866047791e+01 2.774098184528837763e+01 4.785686715866047791e+01 5.614251966926102000e+01 5.245492145838613851e+01 6.176530678415599596e+01 4.613734257888480528e+01 2.621454022523917615e+01 4.614655382437685915e+01 6.039000405444923558e+01 4.252697582298801393e+01 5.513503845611971599e+01 4.938353092279211864e+01 4.460160041559200295e+01 4.992585853216917968e+01 5.541470107853722027e+01 6.159929019576380682e+01 7.032277690961836925e+01 8.448541949871649592e+01 1.048999978319428408e+02 9.993097392412930446e+01 8.998285512357740856e+01 8.171845535988293818e+01 8.256891473683546678e+01 9.083531498385889336e+01 8.909168795163054710e+01 9.737346216899210560e+01 1.013026226641946863e+02 9.078731890319104991e+01 7.155337743592282607e+01 7.670765845628874047e+01
3.512071127920179947e-03 2.000351207112756313e+01 3.268786630771693069e+01 3.126460599545007568e+01 2.622099330744940104e+01 4.634695378508452990e+01 4.282789583031746616e+01 2.282594066143916223e+01 4.282789583031746616e+01 3.619088385327792423e+01 3.836780644934850670e+01 4.803369994719273706e+01 3.398679582943596955e+01 2.260128218235076503e+01 4.256077886246210795e+01 4.815700655782308814e+01 3.219996965060304461e+01 3.519206730823165685e+01 3.829680299506658514e+01 4.328175365279635400e+01 6.355536046752707335e+01 7.517741635707871239e+01 8.145696426687739233e+01 8.986007951779453151e+01 9.889559931623468003e+01 1.041869966726365959e+02 9.574340057632534240e+01 9.911181903411211636e+01 9.071240626187585576e+01 9.113570680807038116e+01 8.269180065919269396e+01 8.182344886860855127e+01 9.026530540572166217e+01 1.004234860906412763e+02 9.968253955571492497e+01 8.300076357961559381e+01 9.657906055559463709e+01
8.642982713123801772e-03 2.000856994383851983e+01 2.204727957792829329e+01 1.282641691251443206e+01 3.174328008180037486e+01 4.133865689810541255e+01 3.823913260640314604e+01 1.832580810190203735e+01 3.226949470400425213e+01 2.203650779416500427e+01 3.552972442759898541e+01 3.720126545864688694e+01 1.983540149588635160e+01 3.985271742659127625e+01 2.588941028117788434e+01 2.822808776184736601e+01 4.815869901661759656e+01 5.513503845611971599e+01 5.848695876384434200e+01 6.355536046752707335e+01 5.114658920085859251e+01 6.021080727435462165e+01 7.047202138041951969e+01 8.504785669903927214e+01 1.054524041318420586e+02 9.574340057632534240e+01 7.545805145626421506e+01 8.139949265479351936e+01 7.050537752559921501e+01 7.421343638799768883e+01 6.249131993114260553e+01 6.162902677696500575e+01 7.169181230334164923e+01 8.598394516170202451e+01 1.063706932617888583e+02 1.028887084780911181e+02 1.111912625799072742e+02
