MOVIE_S2_data/elevation_000651.asc
nrows	100
cellsize	150.0
xllcorner	0
ncols	100
yllcorner	0
NODATA_value	-9999
[rows 17 to 33 of 100, columns 37 to 73 of 100]
6.766849357056281633e+01 7.586895147615248902e+01 5.971857253693167422e+01 3.968085493889658721e+01 5.971857253693167422e+01 6.324140981281067297e+01 5.128411747949130728e+01 4.744869366277306000e+01 3.326533340446562192e+01 4.306722930709721453e+01 2.397195023237334865e+01 4.124560824601121567e+01 4.576950655887612385e+01 5.635137199458558399e+01 4.444800500639597374e+01 4.282443496243097059e+01 6.348760934927567945e+01 5.852315591815465723e+01 4.756529129676043510e+01 6.738825053571113699e+01 6.993903348875983284e+01 5.459865376252930247e+01 3.402324373311882511e+01 3.145347037949624536e+01 5.164300629537895304e+01 5.105215433222292631e+01 3.545699780188903816e+01 5.558921134238649131e+01 6.655512232814052709e+01 8.127980868100547696e+01 7.750841662740113236e+01 7.097958524521905588e+01 6.761134052184088716e+01 6.986680558680632203e+01 8.999512078895756417e+01 8.627706795122878702e+01 6.771528182294848364e+01
4.771081027664295959e+01 6.766849380572296013e+01 6.803622310549951635e+01 4.870898434085090400e+01 6.803622310549951635e+01 7.932603308381685281e+01 7.135795630297729986e+01 5.486397547646286199e+01 4.581075698749943115e+01 2.626515778989334393e+01 4.591255782187108991e+01 5.393232575647515148e+01 6.011224474327386957e+01 6.697923452212582163e+01 6.659686821293669823e+01 5.794088903778829547e+01 7.269276841698334124e+01 7.434721184280746797e+01 5.466407967777624322e+01 7.434745550361198241e+01 7.228356523733656047e+01 4.978013849995256379e+01 5.369542092294990709e+01 3.399575904564381545e+01 4.830693704999175964e+01 6.294144781457404747e+01 5.559800354495334318e+01 3.811852919513949445e+01 5.343470928324558855e+01 7.224484400779842019e+01 8.640668441950386125e+01 8.759378523492713953e+01 7.913249761707182017e+01 8.999512078895756417e+01 8.635958433442563376e+01 9.872461109821553293e+01 8.770284862432296791e+01
4.771022489336778705e+01 6.764581379752759460e+01 7.734924642049185195e+01 6.324877566536957829e+01 7.735332211279900605e+01 7.617680324549698412e+01 6.714446166812561501e+01 5.045747533967485765e+01 2.989708897259733789e+01 4.698814286109035265e+01 2.930973779787047206e+01 4.984794963871651419e+01 6.112193729845031243e+01 7.542844740462142283e+01 6.963710367822561409e+01 7.792777363155073544e+01 8.725145182321085713e+01 7.434747467672920607e+01 6.862832851747661778e+01 8.251180434426133559e+01 8.083618921310910821e+01 7.160901777266694523e+01 5.693165244403285641e+01 3.660421740953965752e+01 5.692342244738744483e+01 7.690072800509359752e+01 6.045299976456792734e+01 4.032710087476176852e+01 4.387117648961597638e+01 5.808429633995518060e+01 7.012689616358923672e+01 9.015764186524782531e+01 9.774377132922005273e+01 1.056178256325935081e+02 1.045752773699173588e+02 1.122294714951957104e+02 1.107114788404115302e+02
5.603084946992607485e+01 6.869680888239952310e+01 7.770896775592335359e+01 8.488763310385849081e+01 7.946199040055813612e+01 5.935280774457712738e+01 4.761376141549309438e+01 3.836338687227164712e+01 3.263456398380007073e+01 5.320651835730391355e+01 4.984794963878727714e+01 3.219310316834150143e+01 4.681542216788392352e+01 6.102870420824784503e+01 4.945863402770755357e+01 6.374711931394927689e+01 8.385678381262707148e+01 9.392926838896086394e+01 8.815475989441655713e+01 8.914589717517408474e+01 7.986567503351427888e+01 6.379967649538333063e+01 4.348575068441602554e+01 3.980032003299081111e+01 5.411464474534277258e+01 7.472680924494601129e+01 6.265748222460247518e+01 4.257272842116096001e+01 6.265738660040637598e+01 5.010569250495650095e+01 7.012689616358923672e+01 8.215236902644380734e+01 8.972407319190476471e+01 9.803067057484456370e+01 1.080654049719058776e+02 1.195031242229120778e+02 1.031598361443169836e+02
4.051395382124221811e+01 5.204833652389290677e+01 7.153620191596714051e+01 8.480896219115830093e+01 8.778344011289118498e+01 7.157638279745108889e+01 5.137698406352866698e+01 5.600155673490377239e+01 3.546230266753703120e+01 5.600155675189349580e+01 6.112193845342284959e+01 4.681542216788680832e+01 3.522962473645179671e+01 4.066210422882674180e+01 6.102870421643581977e+01 6.113897715241169806e+01 7.274464850010448913e+01 9.285849520871958873e+01 9.267581769613624942e+01 7.174056198502840687e+01 5.979925801508063188e+01 5.077437206192261954e+01 6.350347249901771107e+01 4.311609298189022610e+01 6.350347249901967928e+01 7.727347491552438896e+01 7.090275834207031380e+01 6.262218517965565923e+01 4.582726161781101126e+01 6.587018402307768383e+01 5.698579002762195245e+01 6.214848157837383980e+01 6.969122696914323001e+01 7.968289001371267943e+01 9.976525637009706315e+01 1.111931071402159006e+02 9.108207168405613174e+01
6.049111986804812346e+01 4.539707923130917067e+01 5.693697945050953280e+01 7.674413466077949408e+01 8.891916841756341228e+01 7.990075930293870954e+01 6.569143741179020424e+01 5.886414718587968053e+01 3.842116209397877924e+01 5.886414718589407613e+01 7.542845473895873454e+01 5.810090910260159092e+01 3.763177195548448850e+01 5.810090910260157671e+01 6.936576017589364085e+01 8.124576039706180097e+01 8.960254768558992566e+01 1.012327777506309303e+02 1.011538022169673496e+02 8.241736405904809715e+01 6.160270289168167324e+01 7.129145749432156265e+01 7.205512804936516602e+01 5.744636540998646979e+01 4.821894770363890359e+01 6.870759381570428559e+01 7.971768297329842312e+01 5.970734431384547491e+01 4.814529411064876285e+01 6.816248393348460866e+01 7.698738749669561798e+01 8.215236902644380734e+01 7.478154995786121617e+01 8.895269070618624596e+01 1.080654049718761911e+02 1.123000235873640094e+02 9.219105538618163109e+01
7.352180717978247060e+01 5.693766418413888886e+01 5.096137124021547038e+01 6.092785390279953361e+01 8.074507200757237513e+01 9.411008106022205766e+01 7.602060967137792602e+01 5.590664191451031684e+01 4.147234243226486683e+01 6.179788674774180635e+01 7.470183519550862172e+01 5.457402633864640507e+01 4.009580621875424811e+01 5.457402592861002688e+01 7.470167198211476034e+01 8.682907831659818498e+01 9.515461946811178962e+01 9.664479976093005575e+01 1.049794760055867613e+02 9.096283492852482766e+01 7.357582242147380214e+01 9.096283492852482766e+01 8.666389068873223778e+01 7.259825391797049576e+01 5.201081578501587899e+01 7.259825391797049576e+01 8.806999877402526522e+01 7.121256309592871503e+01 5.121185650549831792e+01 5.351068895537029846e+01 7.350667530724302878e+01 8.747405823798708013e+01 9.483577389872949936e+01 1.031380467481221643e+02 1.173234040277740036e+02 1.206093024131121041e+02 1.064193440389894505e+02
7.678134964799784257e+01 7.516608635001024652e+01 5.532525939894144074e+01 7.516608637457608211e+01 8.891916846427582755e+01 8.965723247413068009e+01 6.958917707153561594e+01 6.484609990232711141e+01 4.462655113983022659e+01 5.479881305525078972e+01 7.489332964575540075e+01 6.291007758027063090e+01 4.263512334488208211e+01 6.291009678829995266e+01 7.076055703158110077e+01 6.676953697950332867e+01 8.026205519653846920e+01 7.658011737637309579e+01 9.492979484967150938e+01 1.029582953514046579e+02 9.449514934548878387e+01 9.380628599717229577e+01 7.288228194587101427e+01 5.823181873183656165e+01 6.378085548522724935e+01 8.117004056199985484e+01 8.589046643493949773e+01 6.587606473097456217e+01 5.434352385246795336e+01 7.350667647628498003e+01 5.916982788294748019e+01 7.916111382277627229e+01 9.380898822753776756e+01 1.033257964679941949e+02 1.116577089268609626e+02 1.217297503961907381e+02 1.264972399090329134e+02
9.655274528268454048e+01 8.028135201113431663e+01 6.047001342601798513e+01 7.153608766152753162e+01 9.131772840454111417e+01 8.377830961183964575e+01 6.371184659843616771e+01 4.946600492578520658e+01 6.484609959034807503e+01 7.316559842488894105e+01 7.489332964575540075e+01 7.123335977535298014e+01 6.291009678829995266e+01 4.630668081384731494e+01 5.066170832102391586e+01 5.518059671089611840e+01 6.020461975188684534e+01 6.654589358156761136e+01 8.072856620754352264e+01 1.007934205606529900e+02 1.014310459699414224e+02 8.054978080670062468e+01 6.570173310917179776e+01 7.015298905814434249e+01 8.464304417238692224e+01 9.316680367353689007e+01 9.420693043559437285e+01 7.762029683705495131e+01 5.763444634706922898e+01 7.762029683705495131e+01 7.328957976165186494e+01 6.548132710443653082e+01 8.548777607985319094e+01 8.321473897641209305e+01 9.325957987181428166e+01 1.133932951797178248e+02 1.216340421679947497e+02
9.629667487087097300e+01 7.664071768074379065e+01 6.674855078578823964e+01 8.654759504477398480e+01 9.947987102685013383e+01 8.043445698089732332e+01 6.024785491945172566e+01 6.958917673013381489e+01 5.543391081666715081e+01 7.549946482567087003e+01 9.496021792232306780e+01 7.806629968094219407e+01 5.799039292476246032e+01 5.308458255132273962e+01 5.195665142835399308e+01 7.204773130602390552e+01 8.026205519653846920e+01 8.660543995820759733e+01 7.923116595202077406e+01 9.929478954787717271e+01 1.014310459699414224e+02 8.054978080670062468e+01 7.306986489550504871e+01 9.111074944236203521e+01 9.959062177954233164e+01 1.038885483507296357e+02 9.556774699199442580e+01 8.104764671024476286e+01 6.106287056197613339e+01 8.104764671022910250e+01 9.333625098497874717e+01 8.548777608642507175e+01 7.252842537741101125e+01 8.407549342942101589e+01 1.041870294047002119e+02 1.217285395532172885e+02 1.132765704735004704e+02
1.043249771949380147e+02 9.355637475311526430e+01 7.375204514201698203e+01 9.355738528228128814e+01 9.481240798831882444e+01 7.445978333622387879e+01 8.016408377641172933e+01 6.195652535503742087e+01 7.549946484531021440e+01 8.379527688713595523e+01 9.444986548141353921e+01 7.438417844541284296e+01 7.806629922891967510e+01 6.020184579973319217e+01 5.777615531632210377e+01 6.017586388939697173e+01 7.436193217398970035e+01 9.442445233784555114e+01 9.341474540874101251e+01 1.076305084746333449e+02 1.098210423871589541e+02 1.014310459699414224e+02 8.107553700675244102e+01 1.020165719065963117e+02 1.098358050138247251e+02 8.969450546644750943e+01 7.552194847738120131e+01 6.888215783575623163e+01 6.576528812090339216e+01 8.576016329652408388e+01 1.007435989374512388e+02 1.009037746330914302e+02 8.407549342942219539e+01 1.009037783100617105e+02 1.125135807049896783e+02 1.239816419322800130e+02 1.181265899324157118e+02
1.100613823210594973e+02 1.017581204056238278e+02 8.518705843425840385e+01 1.017581206168027563e+02 1.035217914987380254e+02 9.476244683832160831e+01 8.671039143972858199e+01 6.668606194869316539e+01 8.086167946228648873e+01 1.008304254983551118e+02 1.027843437652652057e+02 9.184615071095254279e+01 7.178515187669309228e+01 8.026392763378008510e+01 6.382870702979251121e+01 8.023810828229129299e+01 7.020784000838193606e+01 8.178839966538937745e+01 1.018522404125537548e+02 1.218462715405255494e+02 1.244254128161428525e+02 1.103925661027959961e+02 9.332246811039770762e+01 1.103925661027959961e+02 1.098358050138247251e+02 8.969450546644750943e+01 8.889915175719433194e+01 8.889579105589427854e+01 7.727317997372178127e+01 7.357553368093836355e+01 8.062599051500342284e+01 1.007435972912254556e+02 1.041870296526842736e+02 1.125136200396444224e+02 1.179767139434378294e+02 1.035924268609800691e+02 1.179767139434378294e+02
9.017297036927301690e+01 1.068783441027099315e+02 1.049914647776923573e+02 1.131905148181059388e+02 1.097477267482181986e+02 8.982806366496774331e+01 7.826493177098251408e+01 8.086167946413573304e+01 7.826493177098014087e+01 8.982806366489931804e+01 1.097477244681053037e+02 1.001755164778324030e+02 8.336561261568255077e+01 9.023144524550181700e+01 7.017004653027503025e+01 9.023144524550181700e+01 8.178839966538937745e+01 9.859627880144597611e+01 1.101920001369993400e+02 1.185007210323960578e+02 1.042316510601730357e+02 1.185007210323960578e+02 1.138929385553423543e+02 1.221691916894124432e+02 1.181618862896826982e+02 1.098358050138247251e+02 1.089936713324126316e+02 1.053441229770160987e+02 9.718737641618204748e+01 8.356520808824727453e+01 1.007435989374512388e+02 9.484035731695388449e+01 1.149952814051341790e+02 1.234294151970931210e+02 1.095642896949839269e+02 8.925519320213835783e+01 1.095642896949839269e+02
7.887878616566194978e+01 9.735778466408802956e+01 1.048330995149694189e+02 1.131636228639754194e+02 1.179906776467038725e+02 1.064933373265441077e+02 9.824710389941090227e+01 1.008304306474860255e+02 9.824710382636911277e+01 1.064932770503172037e+02 1.179905296868131046e+02 1.117726346677639668e+02 1.034307811868528830e+02 9.855842192827127235e+01 7.914122929696546294e+01 9.855842192827127235e+01 1.018522404125537548e+02 1.101920001369993400e+02 1.213668346471333592e+02 1.095097226072262799e+02 9.006868756987279312e+01 1.095097226072262799e+02 1.192395454714701373e+02 1.183639164948713329e+02 1.100140403020396178e+02 1.183639164948713329e+02 1.176188954836677709e+02 1.091964361094610894e+02 1.120103538898151925e+02 1.036880924900486605e+02 1.120103517467435381e+02 1.149952815665500054e+02 1.233156668739580226e+02 1.144659736820875366e+02 9.472660519488135833e+01 8.163220113344368656e+01 9.100003322690697871e+01
7.143231725809674515e+01 7.767295874939378564e+01 8.505527546392231386e+01 9.895855338341505103e+01 1.190155084407452506e+02 1.099986865404016356e+02 1.018204245506642280e+02 9.905042241156344573e+01 1.072217915245477826e+02 1.022830739772066124e+02 1.104591523347127406e+02 1.077614550095599810e+02 1.159431591107910293e+02 1.075383938296568687e+02 9.332478576495839206e+01 1.075383938296568687e+02 1.097778438263149496e+02 1.014906760715298333e+02 1.014705881476690195e+02 1.011673004814089296e+02 8.113090068329131554e+01 9.080139238612972008e+01 1.108942504986054587e+02 1.083091291942229475e+02 8.992468336016389685e+01 1.083091291942229475e+02 1.059838950053298987e+02 8.911908115470210134e+01 1.059838950053298987e+02 1.083862546496113168e+02 1.167927299215986494e+02 1.200992825020100270e+02 1.116956887200997812e+02 1.060644189085533213e+02 8.576647416088034959e+01 7.445006739908502880e+01 9.472660530062917417e+01
8.456603651805967559e+01 9.735778467123002144e+01 1.048330995149694189e+02 1.131636228639754194e+02 1.012579788957177982e+02 9.309083171287504399e+01 8.219578634084264479e+01 7.943682219971751124e+01 8.840348474996781647e+01 8.265437065187801124e+01 1.022830739772066124e+02 8.809780288441501739e+01 1.018518044350432916e+02 1.100254214799241055e+02 1.133963759438416758e+02 1.141860704750988305e+02 1.014906760715298333e+02 8.146679112233752562e+01 8.992378438597458512e+01 9.448850054870311510e+01 7.442847316289785908e+01 8.860698817303565988e+01 1.086877274933045214e+02 9.996936183110163654e+01 7.991335658453208168e+01 9.809883445901478183e+01 9.760476982171535099e+01 7.780697230601427350e+01 9.420823114263713194e+01 8.833550151840414344e+01 1.083862546496113168e+02 1.116956859596737672e+02 9.137791555493680562e+01 9.732883385149268918e+01 8.949122564198064822e+01 6.914772746889309474e+01 8.949122564198064822e+01
8.687735854331897656e+01 9.512854476762711897e+01 1.050425630573707565e+02 1.069899782011442397e+02 8.733469405436282784e+01 7.343707796441965741e+01 7.083086874922305753e+01 6.803666652479344634e+01 6.871881426226512701e+01 8.840348474996781647e+01 9.474535543064760645e+01 7.677194494601174313e+01 8.220079830130499943e+01 9.866606663445165282e+01 1.082836685976946285e+02 9.396912920891087140e+01 1.014355801789328240e+02 8.994361128685228834e+01 6.986551273598398382e+01 8.295754623303628250e+01 6.938999479133050841e+01 8.359412611762384415e+01 1.036675426632374268e+02 9.287849317442054087e+01 7.280630897496943987e+01 7.802139307718364591e+01 9.012190571694996777e+01 7.035551529379910107e+01 7.440684953179949446e+01 8.612435095119016637e+01 1.061204806789211261e+02 1.116955552665649520e+02 9.137791532049693899e+01 7.706119289552107432e+01 7.059321849010743222e+01 6.464892322202213393e+01 8.010345971665317677e+01
