MOVIE_S2_data/elevation_000203.asc
nrows	100
cellsize	150.0
xllcorner	0
ncols	100
yllcorner	0
NODATA_value	-9999
[rows 68 to 84 of 100, columns 37 to 73 of 100]
5.036231597919567804e+01 6.499757287397319772e+01 7.057207310438832337e+01 5.060370749973774451e+01 5.311196039868721641e+01 6.020264387002814033e+01 7.017768351027861229e+01 9.002366532100315055e+01 9.404996039037864364e+01 7.375600282564373344e+01 6.952590277222114423e+01 6.952590277222114423e+01 8.987402798627037726e+01 1.064659462184188641e+02 1.198869227346828268e+02 1.117110221672988644e+02 1.198869227346828268e+02 1.202177689821633493e+02 1.119148951015283586e+02 1.145365266197057252e+02 1.228329395388823428e+02 1.187332104400550747e+02 1.104259885059000936e+02 1.078102711483934257e+02 1.161241243475338081e+02 1.190663353925973382e+02 1.026721573391262865e+02 1.190663353925973382e+02 1.162742307713708101e+02 1.081801282187619790e+02 9.425923580292821669e+01 9.942490519717635777e+01 1.191385375826634743e+02 1.356007416726984900e+02 1.265152261418161430e+02 1.123840285212597365e+02 1.265152261445373654e+02
6.499757287397319772e+01 4.500528401020255842e+01 6.007037536735406036e+01 4.524611396594502111e+01 6.524060992316552188e+01 8.010067441564090984e+01 8.835038130926946565e+01 9.828935976405131214e+01 9.404996039037864364e+01 7.375600282564373344e+01 5.928290767771267866e+01 7.969996537924251356e+01 7.796739997871237904e+01 9.820167053741175778e+01 1.099411847595071094e+02 9.175612767007730497e+01 1.099411847595071094e+02 1.085620522842893934e+02 9.166721048593429089e+01 9.431193856840752687e+01 1.111892896503677264e+02 1.104259885059000936e+02 9.016249537619647469e+01 8.752321722275155480e+01 1.044478529081257108e+02 1.109832761064617870e+02 9.114672108734303890e+01 1.003801914471142993e+02 1.048542306644723823e+02 8.830105765769644677e+01 8.527411860727960402e+01 1.051988944410727385e+02 1.079825218374429880e+02 1.230290185909567242e+02 1.327964414850217167e+02 1.323354061285291152e+02 1.317827365453763093e+02
6.499757287397319772e+01 6.007581158544270039e+01 4.009406511950452767e+01 6.007407666239242161e+01 7.347840228346507274e+01 8.009191624880992322e+01 8.832694073145877667e+01 9.992246606733490921e+01 8.824562537338124457e+01 7.513457248712629166e+01 5.473646183354766492e+01 6.129819615481454775e+01 7.574628480342616399e+01 9.600681875938825272e+01 1.017335749186880207e+02 8.161935614397360439e+01 1.017335749186880207e+02 9.948720536931953973e+01 7.986486661563266409e+01 8.252515423475604450e+01 1.028598552640394104e+02 1.069001621596986098e+02 9.609753510335956150e+01 7.569765958546406637e+01 8.964652824312935309e+01 1.099205499004231967e+02 1.003801914471142993e+02 8.039839810431061551e+01 9.144406180173923815e+01 7.667713604701761199e+01 8.227387465414929579e+01 8.809078006257938398e+01 9.519978897342197399e+01 1.051699976993750596e+02 1.247772634684379227e+02 1.345409687586339942e+02 1.145828105162618868e+02
7.501271809911811772e+01 5.763465272153415242e+01 3.767272756931101441e+01 5.763465272158866526e+01 6.601580769540754545e+01 6.018529262718416106e+01 8.009191624880992322e+01 9.163431179908951663e+01 7.132016455938224908e+01 5.951242832683487904e+01 5.042798668802343798e+01 7.078568068348197073e+01 9.001230287541139319e+01 9.268225604892371905e+01 9.502883532711651071e+01 7.480782445880619491e+01 8.640656732199987289e+01 9.111961015089208615e+01 7.068479814489923285e+01 8.339597720000439551e+01 8.660103694158530629e+01 8.660103694158530629e+01 8.964652827679728375e+01 6.920059576467261309e+01 8.964652827679728375e+01 1.001499756976298414e+02 1.055226267637751931e+02 8.561252925571589856e+01 7.135246459015343135e+01 8.711858971975703980e+01 9.538589026239743873e+01 1.079825218374632811e+02 1.149736305839064556e+02 1.230290186145718963e+02 1.327964414850217167e+02 1.278882493445190676e+02 1.078442906436206385e+02
6.677321929602088346e+01 4.681224656701854769e+01 3.531348259058820105e+01 4.051402324321794879e+01 4.604354823222835336e+01 6.018529262718416106e+01 8.009191624880992322e+01 9.090861593993805911e+01 8.257908115668750781e+01 6.739273168423858351e+01 4.707537561418217820e+01 6.739273168423858351e+01 7.904941901374405688e+01 7.244635578711503854e+01 8.668654099289091164e+01 7.872272502074385159e+01 6.607703147943817612e+01 8.640656732199987289e+01 8.339597720000347181e+01 6.293223562226282297e+01 6.615290654920499946e+01 8.479053856975298231e+01 8.436741120232122171e+01 6.390638757949771787e+01 7.137034719216245549e+01 8.576016144465454261e+01 9.864038878501838781e+01 9.053838280393756577e+01 8.292498291255809306e+01 6.694088878086242289e+01 8.713808196858273902e+01 1.002965914242895025e+02 9.771771661389968244e+01 1.059203064277589021e+02 1.173816075413723325e+02 1.220472758616762263e+02 1.019612215401174637e+02
5.826789077249645032e+01 5.293140319215238776e+01 3.302648672870183333e+01 5.293140319215238776e+01 6.601580769543004124e+01 6.018529814151737867e+01 8.009274103050057647e+01 8.257908115668750781e+01 6.223646146781623401e+01 6.413935096653962376e+01 4.385788118771436928e+01 6.413935096653962376e+01 5.871431170195533156e+01 5.802572330171813775e+01 7.211397104150708515e+01 5.835317723485189845e+01 7.015324036581645828e+01 9.042885875671515805e+01 8.817683643921941439e+01 6.773887126707769823e+01 5.593906547679526398e+01 7.081447821551741129e+01 7.923806998418244518e+01 7.118573758464002310e+01 5.690698806790975084e+01 7.734933799855754444e+01 8.715069388598431033e+01 7.042963928158128795e+01 6.268796772091406666e+01 8.297189814984977829e+01 9.438555472857876794e+01 8.028752699902393886e+01 7.767845977566651072e+01 8.930726802462662306e+01 1.092066030440696665e+02 1.166790520385762449e+02 9.645128759812141084e+01
3.832178318868300693e+01 5.084473326999843579e+01 3.096712917975353818e+01 4.500391469523582799e+01 6.494594345380447464e+01 8.009274103050057647e+01 8.832871578081540065e+01 7.995102244773273981e+01 5.958968688881385845e+01 4.787331048504039899e+01 4.075045319977137837e+01 5.988689292810072828e+01 4.438280784740583584e+01 4.788727442076721275e+01 5.176725525836628350e+01 6.615095726437141366e+01 8.625111715133625978e+01 9.868916300570889177e+01 9.655444886176725561e+01 8.479053856975298231e+01 7.081447821551741129e+01 5.044629228739636062e+01 6.564095381624767356e+01 5.081289905602990586e+01 6.254764883592663693e+01 8.298558616921555142e+01 7.894228791311341809e+01 5.859146205979068611e+01 7.893359529765696436e+01 9.122509775156369471e+01 8.614804628398572106e+01 6.593742900320391698e+01 8.614804628398572106e+01 9.310482200714643852e+01 1.013194834298299156e+02 1.112728705216198790e+02 1.055649601486151141e+02
5.211238833477597154e+01 3.221980051965764602e+01 2.895055663374384736e+01 4.038010490326136193e+01 5.447870805985370879e+01 7.440549699567627329e+01 9.047294935134563332e+01 8.829168424436018370e+01 7.253941233145941681e+01 5.222218224610245585e+01 3.791244207095724050e+01 3.962641562747534607e+01 5.988616814832705160e+01 6.820004829400015467e+01 6.352217734327865628e+01 8.045834562150348290e+01 8.898628764821484083e+01 8.039630072401753580e+01 8.373103164051424585e+01 7.532594754018533934e+01 7.053313393543915311e+01 6.211065023117657802e+01 4.536337884009605403e+01 5.543856359827519498e+01 7.584327722683102024e+01 9.137898827112248057e+01 7.627011702728303533e+01 5.588370951011125243e+01 7.257875053499923013e+01 8.088590728245164030e+01 7.444868090942193817e+01 5.999765420061105914e+01 6.619986502909081594e+01 7.300776380591663894e+01 8.312044048810253116e+01 1.030892035261903033e+02 1.055649601486151283e+02
4.212841466048799077e+01 2.811660664631418172e+01 2.697387807964560480e+01 3.685493856088039166e+01 5.101946727389156422e+01 7.154049567872837656e+01 7.069831255264180925e+01 8.458603787660437945e+01 6.977456388392755571e+01 4.946827122859016868e+01 3.512982363533524932e+01 5.541584664657990800e+01 5.974652027834034129e+01 7.952885763112843165e+01 8.385057949736197713e+01 9.214257337270258574e+01 8.039630072401753580e+01 5.983320585462499963e+01 6.579122704065633798e+01 5.498506284758401108e+01 5.871768473563120239e+01 4.189421576569279182e+01 5.611544644727909059e+01 6.557504473373944620e+01 7.584327722684291473e+01 9.620841838562589032e+01 8.455701834927523919e+01 7.257875053499890328e+01 5.216864537502980426e+01 6.899860915237911740e+01 5.405675947653610081e+01 7.444868090942193817e+01 8.640580260673647217e+01 9.310482200714643852e+01 1.013194834298299156e+02 1.112728705216198790e+02 1.256710924155485998e+02
4.407216559655901023e+01 2.426593528769689456e+01 4.407144597740303027e+01 5.408309280298725241e+01 6.532612665441548927e+01 7.488722730611075917e+01 5.703322578134781651e+01 7.488722730611075917e+01 6.773577966141166939e+01 4.743045953581028584e+01 3.306223561131243116e+01 5.337775010643407114e+01 6.897919396203604947e+01 8.078485201585222342e+01 9.019477289132873921e+01 8.165179543364023118e+01 8.001409973609342785e+01 5.949024026286421929e+01 4.563116073832566144e+01 5.557039742949309158e+01 3.856521310353378595e+01 4.749536540825519637e+01 6.779977633843604679e+01 8.422019129803148019e+01 9.383789518691112619e+01 9.393662037553521316e+01 7.386171360178990142e+01 7.386171360178990142e+01 6.616727699691398357e+01 4.858861208507254759e+01 6.899860915237911740e+01 8.274633676477616007e+01 9.497464028479058129e+01 1.038906663616212143e+02 1.153234929882846131e+02 1.160876189486265417e+02 1.211359207904432225e+02
3.997388371223999570e+01 2.259130142908038152e+01 3.653476231640597405e+01 5.642853003773240772e+01 6.539268813657587032e+01 5.737133856165883117e+01 4.795884095294058369e+01 6.677294521786723180e+01 6.573700143453366707e+01 4.542845424575994429e+01 3.104056056532084895e+01 4.015588024398278577e+01 5.188242660739516054e+01 7.252960304993897012e+01 7.824629482775054612e+01 6.114075985792408829e+01 7.824629482775054612e+01 6.505750660071602454e+01 4.315324342393551404e+01 3.553414227294000227e+01 5.557039742949309158e+01 6.713453881955645386e+01 6.405891296544427860e+01 8.446320484385476846e+01 9.482089318237623843e+01 8.811963677655799643e+01 6.795588845152732915e+01 5.349214575044501885e+01 4.574187822868923803e+01 6.580868960870104445e+01 5.883675556458351252e+01 6.658870111772365874e+01 7.569571627703443539e+01 8.731890143525410508e+01 1.071599946147049138e+02 9.454813332035205065e+01 1.095821337907114241e+02
2.028558863419288016e+01 3.881055444374421626e+01 4.494309050429566099e+01 5.263933579033170673e+01 5.731606254372204745e+01 3.922325326254148337e+01 5.737133811897201952e+01 6.406314131190229944e+01 5.517429422342979706e+01 4.677475752003243059e+01 2.909390620704020591e+01 4.086203638801691795e+01 6.117792455784639571e+01 6.727147041019708240e+01 5.882372066330712812e+01 4.929264220372229488e+01 6.978568807967400289e+01 5.906475254991831036e+01 5.067691211109328009e+01 3.359083936123381164e+01 4.755514088697565001e+01 6.782397332301617610e+01 8.446320484385476846e+01 8.912637728852678265e+01 7.513348799192542060e+01 8.158092950561058387e+01 8.213634704626187499e+01 6.425389709496219837e+01 4.377053464269356908e+01 6.425389709494191948e+01 7.421674316036276764e+01 8.136254660506578773e+01 8.958062561279851366e+01 1.010785497524471168e+02 9.888289451107365835e+01 7.976661597972146467e+01 9.888289451107365835e+01
3.667339398903132519e+01 3.742724773127334714e+01 2.711239822724635218e+01 4.282017321958596057e+01 5.216219945630872701e+01 3.424457083517778955e+01 5.150317259777609991e+01 4.402334030982260771e+01 4.414936434536488719e+01 2.635118560845300095e+01 4.677159739298703300e+01 5.783354201920247561e+01 6.955481393639492183e+01 5.882372066330712812e+01 3.817825783385469407e+01 5.882370447801515212e+01 5.637751780986253181e+01 4.791297306228159414e+01 3.059988156496858025e+01 5.067691210415343761e+01 5.349174446016777296e+01 7.378522954048382587e+01 7.065072156159955341e+01 7.866724750964976920e+01 6.127358697387883524e+01 6.147139435997253543e+01 6.819416231649027793e+01 5.982526247939576791e+01 4.176647207129863659e+01 4.738721290717347756e+01 5.389113312816877510e+01 6.115116231396486057e+01 7.291450251328942045e+01 9.290278944672671457e+01 9.039228827737183281e+01 6.934081935988926659e+01 9.039228827737193228e+01
1.702182809954192066e+01 1.745332780355771618e+01 1.788433367460028833e+01 3.747929688963129280e+01 4.163035159314456735e+01 2.952126989515267752e+01 4.468650810636720649e+01 4.155135390733303069e+01 2.362068986792240111e+01 4.414894929082796438e+01 5.498392078864817023e+01 6.458162967866077508e+01 5.746351269856113220e+01 4.898854108820992082e+01 3.198038241543880744e+01 4.557541058661134059e+01 4.609353492042576050e+01 2.652333843673547520e+01 4.783815968131633412e+01 5.874647098629235842e+01 6.312666975473253217e+01 5.462443701994791212e+01 4.901267508921162630e+01 7.026478884618425980e+01 6.735838881938656186e+01 4.702855571687825176e+01 5.732197671395309868e+01 3.903167216931673522e+01 5.385767267197120134e+01 6.782232938815612044e+01 6.782273408051511865e+01 8.136254660506494929e+01 8.958062561199784568e+01 9.024648262791647824e+01 8.181058582275024094e+01 6.236961663692705571e+01 8.335426798149310912e+01
2.383135067932649775e+01 3.686672283251302673e+01 3.460041006127887186e+01 1.849231520685125574e+01 2.286783898669129655e+01 3.701176048648241590e+01 3.832240104033743933e+01 2.139712479099352649e+01 4.157145267020294455e+01 5.209217951656600576e+01 5.591946351201234222e+01 4.382001291613887162e+01 4.056127914797230005e+01 2.396259158322657967e+01 2.420934121296076569e+01 2.504638418632273300e+01 2.588575380949284366e+01 2.651073446517851906e+01 4.661908645480420432e+01 4.929712244098771379e+01 4.866928812140425720e+01 3.647702931084678823e+01 5.450337824217358929e+01 7.013311625709027908e+01 6.317932523506066644e+01 5.489938319084618712e+01 3.634120885724888694e+01 5.732197671395330474e+01 6.819149856225385520e+01 8.251353519067593822e+01 8.806183940093647777e+01 8.700807370494615611e+01 7.848314837039410463e+01 7.835443335090354822e+01 6.111871111214480834e+01 5.620582593501571722e+01 6.662316076953366917e+01
4.378214386350074250e+01 4.819104461160794273e+01 3.001271636325629899e+01 3.857610968247033156e+01 1.910074253754941864e+01 1.953021466598841371e+01 1.995932076728607640e+01 2.040626886775905646e+01 4.056833129149919870e+01 4.165638801679902770e+01 3.629073863408860490e+01 4.273760052681580390e+01 2.323426343390340065e+01 3.263201397033382989e+01 2.496478977305466529e+01 4.483440703356553314e+01 4.610601999825022546e+01 4.113335622057521590e+01 2.728979253777323422e+01 2.784597681573121619e+01 2.840995083174484748e+01 3.879289448489976877e+01 4.367174401573340958e+01 5.650350814639928387e+01 5.241683131510745852e+01 3.385232091419768352e+01 5.489938319143895740e+01 6.539662168923948116e+01 6.183863305946299249e+01 7.060264100788401720e+01 8.019726312450352168e+01 7.844682546194312067e+01 5.788283827787333990e+01 6.389907655688485733e+01 4.948461676471932691e+01 6.986412638854456247e+01 8.550149264394570991e+01
5.494899780004531920e+01 5.630426660721173704e+01 4.148608073768406967e+01 3.078175468883723553e+01 4.275437106653873087e+01 3.594177252514230503e+01 4.067675773434961428e+01 3.569145005936844228e+01 2.104618568788872679e+01 2.152919114761494868e+01 2.201916646008853817e+01 2.251664686337634436e+01 4.173221958965311984e+01 4.621296135953332396e+01 3.134296951786292240e+01 5.033657339361835881e+01 5.438381791824699718e+01 3.440713587282575503e+01 4.058486663748103496e+01 3.532679430446826530e+01 4.645379048371089681e+01 2.922036931111221847e+01 2.979808545364941352e+01 4.767069297023662955e+01 3.148201272679019169e+01 5.186933507629059648e+01 5.368276549910402906e+01 5.341765365422055822e+01 3.847860929105346628e+01 6.007324339636873844e+01 5.967435139285849743e+01 7.370647874532218680e+01 6.389854640017495058e+01 4.395303095459676257e+01 6.389909535611985802e+01 7.622416121209306539e+01 6.830449807836906473e+01
