MOVIE_S2_data/elevation_000504.asc
nrows	100
cellsize	150.0
xllcorner	0
ncols	100
yllcorner	0
NODATA_value	-9999
[rows 0 to 16 of 100, columns 0 to 36 of 100]
4.047028337263018118e-03 2.000404702833690607e+01 2.506792356856009008e+01 2.429948574703250586e+01 3.501869568924117004e+01 4.566861871727208921e+01 5.395240614591936179e+01 6.773097213358430224e+01 6.187358672662971060e+01 6.623517108593520675e+01 7.157918666238697369e+01 6.898356207138228058e+01 7.726918411712613022e+01 8.881818878630306813e+01 8.252162015430948827e+01 7.419099627950652120e+01 8.252162015430948827e+01 7.972002713652523198e+01 7.141922243847858454e+01 7.402511399906613576e+01 7.581770239839599412e+01 6.749621613601996728e+01 7.010696132876240938e+01 7.010696132876240938e+01 7.843189065958605966e+01 8.623919767972525108e+01 7.790770573378073038e+01 7.530482079752746927e+01 8.363282937668284944e+01 7.581817831098204863e+01 7.061083541836502775e+01 7.768488336567254748e+01 8.601234074769244842e+01 9.604796704330811963e+01 9.473721123449126935e+01 8.641117549544304666e+01 8.641117549544304666e+01
9.482596902220898072e-03 2.529245727458388604e+00 5.069247926895079637e+00 7.673024109500796719e+00 2.767647626481090484e+01 2.566669717383064864e+01 4.566861871727208921e+01 4.774421004687919634e+01 4.189163059824849000e+01 4.624788060948252166e+01 5.158371130572118091e+01 4.898995984626429134e+01 6.052902030979935688e+01 8.053268089506107685e+01 7.249095582576372010e+01 5.415061708822658204e+01 7.249095582576372010e+01 6.812148364870718353e+01 5.130951383189017889e+01 5.392031849127740628e+01 6.420662583160337533e+01 4.737648944536725537e+01 4.998769610338419511e+01 4.998769610338418801e+01 7.010696132876240938e+01 7.790770573378087249e+01 5.788128030083010600e+01 5.528588791205979192e+01 6.996948747676695746e+01 5.579659027449255149e+01 5.059789782396511271e+01 5.767645426975298051e+01 6.766292941497252400e+01 8.770683731637254255e+01 8.641117549544304666e+01 6.636776945778284187e+01 6.636776945778284187e+01
3.324160138653916522e-03 2.000332416013829828e+01 2.506792356856009008e+01 2.767647626481090484e+01 1.152203668641207024e+01 3.152512435714331573e+01 3.887159199972553836e+01 4.220378506058822410e+01 2.776792367094528657e+01 3.213201723936044374e+01 3.746643024552902546e+01 4.744421004693654709e+01 6.157735138613963244e+01 8.158102193863443574e+01 6.417080668386654452e+01 4.413278493833171723e+01 6.417080668386654452e+01 5.980887676113988505e+01 3.970357478106764404e+01 3.970357478106764404e+01 5.421146053695989053e+01 3.577863497972626305e+01 3.577863499584961460e+01 4.998780776412490212e+01 7.011502834296878461e+01 7.791689069000088352e+01 5.788141120002407547e+01 4.367964440435459039e+01 5.477230417213585412e+01 4.157759892949027858e+01 5.579659027449255149e+01 7.581817831098318550e+01 8.601234074769244842e+01 9.604796704330811963e+01 8.641117549542025245e+01 6.636776945778284187e+01 5.226658943520764922e+01
6.476169185215582824e-03 1.414861179291629156e+01 3.414861179291699500e+01 3.908119358941046073e+01 2.636759031267699172e+01 1.569682231693506935e+01 1.886661022518475761e+01 2.221062669541700174e+01 4.220378506058822410e+01 5.210202245249016784e+01 4.843394723647724476e+01 6.572423915290248431e+01 7.572191904867834467e+01 7.333120909959767175e+01 5.749146610202166130e+01 3.744246908132266327e+01 5.749146610202166130e+01 6.231390720309691744e+01 4.230698641775295954e+01 2.815936477584584807e+01 3.414100499243407683e+01 2.685867333037489857e+01 4.689044409922500023e+01 6.420954343720508462e+01 7.289314185905374188e+01 8.139050850548174765e+01 6.894990433160378984e+01 4.889936209502764086e+01 3.456244410351360585e+01 5.477230417213585412e+01 6.996948747746289143e+01 6.451000521659440778e+01 7.278164160800301374e+01 8.147646509716986429e+01 8.853975894126155310e+01 6.848757176452220108e+01 5.437778948550009517e+01
5.418514359027011389e-03 2.000541851435867002e+01 3.378141200078044903e+01 4.203066740814175972e+01 4.186419982874605950e+01 2.571385315639476232e+01 3.301873702601769622e+01 3.376021985262748615e+01 3.635185696543430112e+01 5.633158923394181272e+01 6.842308550189667926e+01 7.670811167869068470e+01 6.174768539088383790e+01 5.343183653537355582e+01 4.495748658068527703e+01 3.164423689300586062e+01 5.170381918858032577e+01 6.551661771802909584e+01 4.565342944211690224e+01 3.153603449152804217e+01 2.008657418834856756e+01 3.414100499243407683e+01 5.421146053695989053e+01 6.940378554085458518e+01 5.199776260432583541e+01 6.940378554085458518e+01 6.540638015144148198e+01 4.531513610117723090e+01 3.094412706353258713e+01 5.119963124539466293e+01 5.380266078604119429e+01 4.533115342860552488e+01 5.436069656044602993e+01 7.168437455253062751e+01 8.267997262418947457e+01 7.436571429044683157e+01 5.930169852940306896e+01
5.264502547137648453e-03 6.672905196410010120e+00 1.375004310438422728e+01 2.532186644916957619e+01 4.533736612875242855e+01 3.725763818987158515e+01 5.300163385585295117e+01 4.788331971588439728e+01 5.633158923394158535e+01 6.461422268915391953e+01 7.135797119032747560e+01 6.280603060890546629e+01 5.343183653537264632e+01 3.336973924588752993e+01 3.076545246141017742e+01 2.626966577101225297e+01 4.634267031202064402e+01 4.993372924396270207e+01 5.112285626622589518e+01 3.089255133143244336e+01 1.688735344351173140e+01 3.673651443780565273e+01 5.345192545099269665e+01 6.083266540599149863e+01 4.004629335319112471e+01 6.083266540599344552e+01 6.205753714338706573e+01 4.192785440771017846e+01 2.758714320114668084e+01 4.329820174546564004e+01 3.085452588412648112e+01 3.732283687671164074e+01 4.571207754189030936e+01 6.355100492898576192e+01 7.436571429045733339e+01 5.438200083525578066e+01 5.593485018740639703e+01
5.458922989205592172e-03 2.000545892298885065e+01 3.378141200078044903e+01 4.206485602288901049e+01 5.361581018250310393e+01 5.724000192890765248e+01 6.552294678012592044e+01 6.787214001418914222e+01 6.788516021377604659e+01 5.958679075772087685e+01 5.902091042505819729e+01 4.113846738970746486e+01 5.343183653534671862e+01 3.336973924588753704e+01 1.912061044793426845e+01 3.924579149715294335e+01 4.201670250009978247e+01 2.485250654429600559e+01 4.043688927854385184e+01 3.361307308958120643e+01 1.360512632852904957e+01 2.518232037928538958e+01 4.514760231415444736e+01 4.426110917903337594e+01 3.287126280299331427e+01 5.344876974585469753e+01 5.515123052761054367e+01 5.591574804623019901e+01 4.329813234016776846e+01 2.314209849081191095e+01 3.371028029858823771e+01 3.899972526130136430e+01 5.870353244630461376e+01 7.134520195253189456e+01 7.436571429039148029e+01 5.438200083525578066e+01 4.030402227237230051e+01
8.589772593009903194e-04 8.165824786536632018e+00 1.816582478653680965e+01 3.230796041026825804e+01 5.230796041068931146e+01 4.761594124353290169e+01 4.876220355413796881e+01 5.781707443548514647e+01 5.599380242228096449e+01 3.875740129512884380e+01 4.933729226828702252e+01 2.814750891677002897e+01 4.933729226808071644e+01 3.537269859839825870e+01 1.520207279279274992e+01 3.537269859840053243e+01 3.080827567372813647e+01 7.920655829272160275e+00 2.603086001936642901e+01 2.823168547370257286e+01 1.002146906927472259e+01 3.067807851298366728e+01 4.426107522636012703e+01 2.380983523384886169e+01 4.424211439948194879e+01 4.884197628967772431e+01 3.525232863072551481e+01 4.892427803641317752e+01 5.150931742955571480e+01 3.930010799504694319e+01 1.918441036170595737e+01 3.567804560808328773e+01 4.205429365254610730e+01 5.633726675813274198e+01 6.450512798459668318e+01 6.705751380351786395e+01 4.976021493214603453e+01
3.158951013565912836e-03 2.000315895101321217e+01 3.645009605996547464e+01 4.645009611929715732e+01 4.121241428599778800e+01 2.584957200296015145e+01 2.619355789532215795e+01 4.802803288507939072e+01 4.756093713934108536e+01 2.636748200715185320e+01 3.532489011099526266e+01 1.856211492459243573e+01 3.995693923760292421e+01 3.050301466097797842e+01 1.158517691834702745e+01 2.680680766050004138e+01 7.319421941523937214e+00 1.982917863878671483e+01 8.535384116689039402e+00 8.973212099763912875e+00 9.413153876111891805e+00 2.921686774806755338e+01 3.800262813853927213e+01 1.843659789174675367e+01 3.203171912185838011e+01 3.174418955278297716e+01 2.120606948193171704e+01 3.261628474571920577e+01 3.304354453522011426e+01 3.346468314636743457e+01 3.376326947346849039e+01 1.536978887641067359e+01 3.568953772115290946e+01 3.697687724791120445e+01 5.633727856096495401e+01 5.876334242288123733e+01 3.881233065924204340e+01
4.111938136589871236e-03 1.414624756186766596e+01 3.414624756187482291e+01 4.559032185846286467e+01 3.211353848046743309e+01 1.147949759474871456e+01 3.206099276897457173e+01 3.602665395414901184e+01 3.613177449036405875e+01 3.524315850225661251e+01 1.426156148791520195e+01 1.156146799682588977e+01 2.735283666820633286e+01 8.773486302211990662e+00 2.026690812712214296e+01 6.733412229157390350e+00 1.907952373700889481e+01 2.882774918618207849e+01 2.835050076106612593e+01 2.253237119992843773e+01 2.843999331913431661e+01 1.001585723131511330e+01 2.974882885987753411e+01 1.530834946798491103e+01 1.155502279031251511e+01 1.195048705779268339e+01 1.261687502972921848e+01 1.269745387338244846e+01 1.314462633219937082e+01 1.357825275423542521e+01 1.399975764948565704e+01 1.442817855531463955e+01 2.325081155321043624e+01 4.150747959737098114e+01 5.334984144541021323e+01 5.009703647576676389e+01 4.181313956278474819e+01
7.351428307265867393e-03 1.839785814989250667e+01 3.461353325665034220e+01 2.732738233227777158e+01 1.611475062939858205e+01 6.435770402410970981e+00 2.475525230406755028e+01 2.468672924750604381e+01 1.280215174029509662e+01 2.402388314472165121e+01 1.184630317851738468e+01 4.997297021303401365e+00 5.384652284534694466e+00 5.772243762800511213e+00 6.170072734463063924e+00 2.622775407466147968e+01 9.730741992796566819e+00 2.313024715993791247e+01 4.047256239085775320e+01 4.094914256343270864e+01 3.322398679581307590e+01 1.578924749440171027e+01 1.059614762555014700e+01 1.099659720368800642e+01 2.912551358416480696e+01 3.102513629293088826e+01 1.218581149643927120e+01 3.107987076343562549e+01 2.645028966537236670e+01 3.288300981049466287e+01 2.347324152298392264e+01 3.337327303303811732e+01 1.503680138351383277e+01 2.553629826782703205e+01 4.035257172482639731e+01 3.892325657965038488e+01 2.194046507235251298e+01
9.944443931579059412e-03 2.000286545326318333e+01 2.668121682284645502e+01 8.420328686786870520e+00 1.836310809772444097e+00 2.216269045604087662e+00 2.069656511554450873e+01 1.543483511313407419e+01 3.680725943276752954e+00 4.065974197731227591e+00 4.451443109303878209e+00 2.043090086555970331e+01 1.462836101838944458e+01 2.458311800014065795e+01 6.605382466790073792e+00 2.920557720306861782e+01 1.184324617194654650e+01 3.104892744631859358e+01 4.151019465269424558e+01 5.120782677299666830e+01 3.053351820836159902e+01 2.810722520991279794e+01 3.033537416461947700e+01 1.487522730814668037e+01 3.160108691245081047e+01 3.948866485129303072e+01 1.974178208943998314e+01 3.966451364334334073e+01 4.473474951686825563e+01 4.787245841012988024e+01 4.289723384076247470e+01 3.070371490233145551e+01 3.490644059596001370e+01 1.564676856453190190e+01 2.232178872497088662e+01 1.908274039389032239e+01 3.307545405506668601e+01
6.062025039522273874e-03 2.000492285352848754e+01 1.996179587145902090e+01 1.299214294722717433e+00 2.007381293786285426e+01 1.544976804420550032e+01 2.755072577520633281e+00 3.136421252154509620e+00 2.159173085814579807e+01 2.375968315161841815e+01 8.755049423259002594e+00 2.761982847972559085e+01 2.213034078189953391e+01 9.614132195447572471e+00 2.799774574861624998e+01 3.736363740083366025e+01 3.124974916752680798e+01 1.481320269445123650e+01 3.418235255837294773e+01 4.549841749530955326e+01 5.130489798653070466e+01 4.792249747513976388e+01 3.370764879351133203e+01 3.434858693667582230e+01 2.443338661090577446e+01 4.472378918647352464e+01 3.998334010789080395e+01 2.600351917557493664e+01 3.755272201106799912e+01 5.757002002779925220e+01 5.823184759139082445e+01 4.993180896287385906e+01 4.379747931055126031e+01 3.553699715315973862e+01 1.625748007215133484e+01 3.614520283252799260e+01 4.720556562752105378e+01
5.865714242623007793e-03 3.843712962948553358e-01 7.630514055812747110e-01 2.078558620802198575e+01 1.391672646004908209e+01 2.505653926980255974e+01 1.237614611460583802e+01 8.863378973347913359e+00 7.287243225165131122e+00 2.613372205636164836e+01 3.470279343854731735e+01 4.120161048004095505e+01 3.566055664885912080e+01 2.906502368546287585e+01 1.228163011047429443e+01 3.146487241996076989e+01 4.175702600680474319e+01 3.418235261240565137e+01 1.782066522352870308e+01 3.719143550325848224e+01 4.864242838867534147e+01 6.280547649822835155e+01 5.543567584831252049e+01 5.331107975268540144e+01 3.608844276807175078e+01 5.328179825053200602e+01 5.074056293056349887e+01 3.068332726678829303e+01 5.074056293056349887e+01 6.576009852224946428e+01 6.788567186140065246e+01 4.785783214752810721e+01 3.359358667697079426e+01 3.640835749431187196e+01 1.669988170072436517e+01 3.635309291247119035e+01 5.184976819661633129e+01
3.580119829443586393e-03 1.534568575220884412e+01 2.015599339993632277e+00 2.598128041584262604e+01 2.382190367390729691e+01 3.797562473356211399e+01 3.436371458517991329e+01 3.033204949035435760e+01 2.722088284942848802e+01 1.158021174657653951e+01 2.306958370124807445e+01 4.275358895102865375e+01 5.348759932697139874e+01 3.700092436022561770e+01 1.781970196256925831e+01 1.477637959274575508e+01 3.402172773019518814e+01 4.549841753440634307e+01 3.719143550325848224e+01 2.088000414364340784e+01 3.522597047516394042e+01 5.188685988252245096e+01 6.351330199929501674e+01 6.520432283115277983e+01 5.676289404622244916e+01 5.970135687942966740e+01 3.966441247711030371e+01 5.074056293055922850e+01 4.489893750174693565e+01 6.484349426761885127e+01 7.374026550559605653e+01 5.372385058717628681e+01 4.099567981321678189e+01 2.214703179921296083e+01 1.714280925344391093e+01 3.610322666643733669e+01 3.167684842671636147e+01
9.038799794707020815e-03 1.218755474947769990e+01 2.509816910643482402e+01 3.748758665546396429e+01 4.312939703393858082e+01 4.315800041155763012e+01 4.990512177680985673e+01 3.030261864046697440e+01 1.627214511823182619e+01 3.138327316377815990e+01 3.954534173103054684e+01 5.096407288292112270e+01 4.550256812627667813e+01 2.649237983308623257e+01 3.584700289888201752e+01 1.657954970410718332e+01 3.584781088201371091e+01 4.632337660035876326e+01 4.861837534835891006e+01 4.030409993144008496e+01 2.399924018572653850e+01 4.356347330204533108e+01 4.325402511693631880e+01 6.351355053613522017e+01 7.583687861339988956e+01 5.607498112280277525e+01 5.970135687942351410e+01 5.390629470050492955e+01 6.484349426757249546e+01 7.301439653200860391e+01 6.401034288341267597e+01 5.242498639436529118e+01 4.475677963831437722e+01 3.881340791763393838e+01 1.896899426246746501e+01 1.778371395561372736e+01 2.134697820128749512e+01
2.154417243255324355e-03 1.999836517295213056e+01 3.595211213600815370e+01 4.315104055906598290e+01 5.143417370460380766e+01 6.227606789284026689e+01 5.331648004575970390e+01 3.374656398464561846e+01 1.975774470481452738e+01 3.374628628825229271e+01 5.330402415644600467e+01 5.755459128888874432e+01 3.849866948847748915e+01 3.991322598596585181e+01 4.380482902596427408e+01 3.584781088201371091e+01 1.929293253913342099e+01 3.814672676756556768e+01 4.893242561827943149e+01 5.192589745894623121e+01 4.356312129915884412e+01 2.721110902558783806e+01 4.103836070804803171e+01 6.130627547275244638e+01 7.834302491956724168e+01 7.583687861333903868e+01 7.369187458461000517e+01 7.369187458526022283e+01 7.050526262882077333e+01 6.178451598027588432e+01 5.307690912204218847e+01 3.674408913087399497e+01 2.427336798569980658e+01 2.186614721688904339e+01 3.900422512262336738e+01 3.693218549746218571e+01 1.842515430664899512e+01
