MOVIE_S2_data/elevation_000045.asc
nrows	100
cellsize	150.0
xllcorner	0
ncols	100
yllcorner	0
NODATA_value	-9999
[rows 17 to 33 of 100, columns 37 to 73 of 100]
4.601692207746111052e+01 5.189771279700861584e+01 3.746153725749232422e+01 2.463846413468333552e+01 4.505991848265250610e+01 3.442456388111576615e+01 5.457842900838608813e+01 7.170079933070555001e+01 6.339168313696998069e+01 5.064931538137558675e+01 7.072072709537792434e+01 8.799476833512302676e+01 8.634868936723277955e+01 7.017745231331551281e+01 8.371091493211005741e+01 6.759961772051173057e+01 7.010240968818452245e+01 8.934986015870178733e+01 9.063028127950481405e+01 7.169315816079544845e+01 8.288302263667156922e+01 7.213847207694895758e+01 9.144065295619090250e+01 9.435315335018674432e+01 7.805890496658221878e+01 8.231940053352546727e+01 6.837596667912949044e+01 7.691638745960601398e+01 9.052654300789636466e+01 1.099617871946144874e+02 1.102118436342916112e+02 1.185183570344896111e+02 1.018960547105100432e+02 1.021226110975400445e+02 8.201789166012925136e+01 9.847444265159691668e+01 9.847444265159691668e+01
5.717907471373119677e+01 6.395978928956710519e+01 5.268220830629925189e+01 4.505991202816039021e+01 2.560595049380255261e+01 4.598479203020238515e+01 5.500896904157333012e+01 6.331367961375990916e+01 4.331193192188386831e+01 6.339168313696998069e+01 7.902811178657242408e+01 8.522676643927805173e+01 7.843324956904190515e+01 5.931851003002371669e+01 6.766195749568700535e+01 5.642215137804672764e+01 7.010240986545780117e+01 8.934995020161545654e+01 8.247879964084545179e+01 6.279128918782490132e+01 6.327672847415249180e+01 8.288302263667156922e+01 9.523770099260070765e+01 8.567004061670283477e+01 6.689473993236697424e+01 6.299545696035857389e+01 7.265403102281528902e+01 8.628760507118154521e+01 1.043013410041802445e+02 1.069597671615465515e+02 9.020570969967815245e+01 1.069597671615465515e+02 1.042268042874717082e+02 8.337216444129492743e+01 7.615766871622086853e+01 7.848862824748302103e+01 8.539410605408055233e+01
7.361244896287573170e+01 7.023167860245217753e+01 5.018296041138837182e+01 3.591449007130623272e+01 4.598479203039538987e+01 2.658842055161586870e+01 4.613748611628629703e+01 5.586770774212055812e+01 3.881260815135220099e+01 5.889686206032403248e+01 6.789552145429111363e+01 6.572568162456362018e+01 6.572511976801543199e+01 6.158824704472208111e+01 4.809083508908203441e+01 6.766195749568700535e+01 8.143692027463080763e+01 8.329572177596948279e+01 7.551779972808111552e+01 5.557706337581350198e+01 7.551821361101588082e+01 9.100569244471859065e+01 8.144103909894207050e+01 6.764441061563753976e+01 5.799393758439136803e+01 7.760527622138913273e+01 9.037678880989639651e+01 1.000696749072020566e+02 1.138558809322637302e+02 9.866129682169876958e+01 7.867000354907037263e+01 9.866129682169876958e+01 1.045584406585783626e+02 9.031526288851743800e+01 7.054636962087636221e+01 9.031526808758944469e+01 1.056283162845601424e+02
6.547535333881104691e+01 7.023167914318962346e+01 5.018296041184137835e+01 5.605509417413331619e+01 5.195353509206479714e+01 2.796079012108501871e+01 2.755625003812086860e+01 4.785489907735265547e+01 3.448508761566350245e+01 5.461064987974089746e+01 4.613010441287544694e+01 5.219354345018548713e+01 4.592836457448434828e+01 4.181789186662580704e+01 6.158824704471884104e+01 7.114486614410604659e+01 5.867834455625838075e+01 6.276810064202005179e+01 7.154368618941941804e+01 5.167935920217389167e+01 7.154370839624718315e+01 7.741480642288355796e+01 6.929112171412417354e+01 5.332052007109088265e+01 7.335605524243001696e+01 8.567004061670283477e+01 9.608378531125214295e+01 9.829623533779916045e+01 1.067236209356173902e+02 9.159330730281648414e+01 7.155764186173985308e+01 9.159330730281648414e+01 9.035123227589889439e+01 7.614343777274726222e+01 6.706651128384824290e+01 8.679393910560699510e+01 9.859964569229454412e+01
7.363198782258459119e+01 7.854161245379070522e+01 7.023167914318962346e+01 6.083486828258631363e+01 4.000629570212548458e+01 5.195311766660045549e+01 4.782596554175488990e+01 2.852485537032891827e+01 4.879438429922988973e+01 5.047495191455239905e+01 3.133707047201970397e+01 3.207810910886048106e+01 3.588688411996442085e+01 5.431976090416862490e+01 6.080253831334226788e+01 5.593429770279966107e+01 4.347630852793866296e+01 6.251504989261270850e+01 6.780089240688772634e+01 4.818412281772984329e+01 6.277509344945883640e+01 6.917576791040779938e+01 4.903366322738201433e+01 6.929112387692021002e+01 8.144105574406837889e+01 9.046182736498222710e+01 7.641535840437225602e+01 7.855314450908252866e+01 9.207907703632432117e+01 8.555232687616724263e+01 6.546493690356470552e+01 8.555232687616724263e+01 8.197518558529522181e+01 6.222039919139493946e+01 8.197518558529522181e+01 9.287632148293405976e+01 7.881862476735877010e+01
8.616970213426299097e+01 8.501923477626561976e+01 6.501913595909783794e+01 5.079270728692739567e+01 6.083486828258631363e+01 5.360586050910234945e+01 3.245937270624414595e+01 4.704591968443703820e+01 2.955305653502242791e+01 3.028356321398143791e+01 4.708915265972964193e+01 5.201420066999338587e+01 3.313792085717692970e+01 3.858314433692445533e+01 5.211715923116990012e+01 3.596536130659137598e+01 3.669289177213674691e+01 5.666191539592953319e+01 5.846001770926087460e+01 5.913918085036340244e+01 4.341055299103995679e+01 6.276100183267986665e+01 4.655409901415551133e+01 6.071466646739630590e+01 8.053399914730293574e+01 8.217610727012542782e+01 6.295540033493285392e+01 7.256576391791223557e+01 7.256014459988465148e+01 7.726452615212410535e+01 6.002580836801723763e+01 8.018372058303292249e+01 7.883304459566805633e+01 5.900818603848711774e+01 7.453510508984078342e+01 7.562104356585673770e+01 6.492111911161323690e+01
8.290766534968804535e+01 8.501923477626561976e+01 6.501913595909783794e+01 7.087702927824523158e+01 6.930220086734270524e+01 4.942316909848808137e+01 3.524907905735274483e+01 5.483097580073162192e+01 4.390628130200717294e+01 5.042202263820150421e+01 3.482154868688209604e+01 5.465158330716766955e+01 5.340881904674977676e+01 3.418985077082952273e+01 3.492920782752722175e+01 5.499201062299945164e+01 4.215122656283316616e+01 3.772218222319287406e+01 3.846895480010625334e+01 3.922293776155751033e+01 3.998675423340042556e+01 5.994456423558725788e+01 4.432315380311723629e+01 6.384217069116334642e+01 7.349489403452963643e+01 6.589798730630069201e+01 6.601297913926325123e+01 5.356364665151738791e+01 7.219340379703484700e+01 6.342937785410323670e+01 5.508215673254819933e+01 7.161201425730210701e+01 7.214845691560763896e+01 6.632853103167424536e+01 5.457866492148404802e+01 5.562192533363641900e+01 5.667499756037327074e+01
8.793895804035621211e+01 9.332170638764368675e+01 8.501923477626561976e+01 7.738374745893194984e+01 6.188735297670422852e+01 4.196210214707988229e+01 3.882161237928558251e+01 5.877244495052253370e+01 6.401815889575387075e+01 6.273421538243767515e+01 5.465158341342234394e+01 3.950721318571685003e+01 5.919616011187558513e+01 6.257290665926573325e+01 5.202187918807932476e+01 6.254104169205142938e+01 4.249898928469623627e+01 5.770773623674499220e+01 5.846100399756917199e+01 5.388002808165108348e+01 5.040505375684367806e+01 4.110491282039009775e+01 4.192128938690057538e+01 6.111385386762238880e+01 6.389252187233504543e+01 4.520889748553544507e+01 4.606474907575397992e+01 5.497289233601225789e+01 6.607827130005037475e+01 4.943499453565172530e+01 5.032831712928380341e+01 5.126895583372898102e+01 5.221344021723110274e+01 5.318832554641075205e+01 7.293791272630856781e+01 7.529658314688180099e+01 6.084615803660418010e+01
7.371844592198367252e+01 9.378915738482228903e+01 8.314926041447583316e+01 6.333688916721322926e+01 4.927815870264262799e+01 6.188735297670422852e+01 4.248696086062623323e+01 5.660133779115869146e+01 7.643283984824070387e+01 7.875807914217017469e+01 5.919616011187558513e+01 4.762410020289603096e+01 4.493074929837008114e+01 6.190153496127611277e+01 7.579870745980971947e+01 7.078439819935573496e+01 5.671025491072303026e+01 4.784949034790225397e+01 6.790106662726188347e+01 7.351430266005995406e+01 5.859464453040133947e+01 4.446068925686624596e+01 6.194342622932726528e+01 4.313674119111774274e+01 4.399512074764065517e+01 5.495413606216436619e+01 6.590520192578485137e+01 4.729010218088517092e+01 4.817547508045382187e+01 6.814860488085376744e+01 5.405695622615980511e+01 6.981477521315601109e+01 5.624679330725049198e+01 7.312340710718338244e+01 8.107145239660337666e+01 8.820437739552787093e+01 8.059892697065104983e+01
6.811212999758402020e+01 8.813465422199408295e+01 7.799366841112642135e+01 5.819581309977952799e+01 6.913979835415105413e+01 6.623845725261661244e+01 4.634443176565790878e+01 6.043679260545732035e+01 8.024491472812923121e+01 8.096825031154919827e+01 6.146829616776838634e+01 6.717970050365501322e+01 4.889303564752938058e+01 6.266097952477762334e+01 8.208657129099469785e+01 8.485891463448109562e+01 7.181608990300813389e+01 5.185330990410520968e+01 7.181608990300813389e+01 8.667607477962370410e+01 6.787048788145357037e+01 4.795144087866793114e+01 6.787050264359507423e+01 5.879636692951293497e+01 5.755215103637418395e+01 5.646670047939317527e+01 5.358084126675753822e+01 7.057971855042819698e+01 6.927393470426778777e+01 7.633178793006011631e+01 5.787953920748142878e+01 7.711117865775293012e+01 7.600682831738939171e+01 6.220830952612195830e+01 6.692432653760202754e+01 8.635903938222629961e+01 9.488954672941960666e+01
7.474624660891345229e+01 9.482885802853444090e+01 8.498694997623809400e+01 6.520696270648879533e+01 8.498694997623809400e+01 7.037782584221575632e+01 5.052611147360588717e+01 7.037782584221575632e+01 8.796311227197568883e+01 8.917650436149966708e+01 8.096825031154919827e+01 6.679126726487125154e+01 5.309265255477583167e+01 6.428687426913953118e+01 8.368404645881651049e+01 9.076455288558803147e+01 7.595392962460587682e+01 5.610954744935185801e+01 7.595392962460587682e+01 8.290851867971798583e+01 6.314874640296741859e+01 5.161950352403963649e+01 7.150020549974601636e+01 8.152118823735894182e+01 7.636756771226595220e+01 6.601091294272529808e+01 7.336342863302837713e+01 6.028484657757217491e+01 7.962795113512589751e+01 8.134567718345242326e+01 6.185130145388448142e+01 8.134567717533285247e+01 8.990903286109565329e+01 7.356481532705538484e+01 8.635950421576691838e+01 7.406067506719564619e+01 9.343343136650372571e+01
8.474076680116253613e+01 1.032053248564237862e+02 9.327460319535792621e+01 7.659136089152127624e+01 9.327460319535792621e+01 7.634197432971086528e+01 5.656113160272383311e+01 5.992750676260848763e+01 7.388948887079104111e+01 9.371921484416087367e+01 9.446094993317245780e+01 7.732028859685853206e+01 5.797946970378037435e+01 7.732028859685853206e+01 9.189851284447205160e+01 8.252736839830654958e+01 6.280705207720440342e+01 7.595392962460587682e+01 8.417490675005973344e+01 9.121584148985360230e+01 7.661184658869842679e+01 5.681454638367642218e+01 6.057719692462904248e+01 8.033710555111294127e+01 9.211984389840024789e+01 7.884770474394797191e+01 8.423212834179982167e+01 6.524861939962276836e+01 8.423212834179982167e+01 8.537927075102751928e+01 6.603483556742324367e+01 7.722995327306206548e+01 9.651144544943259973e+01 8.725850624068294792e+01 9.881649624649961083e+01 7.940757980252510606e+01 9.881649624649961083e+01
1.049169492559063741e+02 1.133039269857400200e+02 1.047843378360480386e+02 9.645553794569670458e+01 8.885248858410464834e+01 6.907162871216097244e+01 6.646428616462524985e+01 7.969748113932006106e+01 7.388948887079104111e+01 9.371921484416087367e+01 9.692452916062788404e+01 7.732028859685853206e+01 6.527591250551587621e+01 7.161059937925018914e+01 9.110469774294392664e+01 8.820760085402206130e+01 6.853069842982044690e+01 7.889592782874069599e+01 9.868542596411697332e+01 8.800262023662359923e+01 6.827322186398278347e+01 7.661184685162692176e+01 6.827322186398271242e+01 7.046759072110670274e+01 9.020662038111917980e+01 9.726902617712207189e+01 8.922123295622625960e+01 7.055371282227052632e+01 8.922123295622625960e+01 8.991245255009015125e+01 7.067979100727839636e+01 8.991245255009015125e+01 1.046964019339460776e+02 1.068571677753943447e+02 1.049912572921736569e+02 8.546494838056069909e+01 1.049912572921736569e+02
9.115844562053840150e+01 9.633192218597810097e+01 8.804089897183717994e+01 9.633192218597810097e+01 9.715309928076486301e+01 8.301508986177202587e+01 8.039220475833617741e+01 9.451052762116810868e+01 9.371921484416087367e+01 1.020367356731603223e+02 1.007142938506191996e+02 8.102586039610633861e+01 7.636037002331759993e+01 9.110469774294392664e+01 9.936777100372869143e+01 8.820760085402207551e+01 7.653084317919781654e+01 8.820760085402207551e+01 1.069773962212358782e+02 9.633980739566466411e+01 7.961321405120021666e+01 9.633979402955685600e+01 7.809275277402527138e+01 7.924045472989794803e+01 9.855974958792447183e+01 1.024567263066175258e+02 8.373891210579573396e+01 7.770152414604268643e+01 9.622089853919624147e+01 9.631695022054849176e+01 7.710345720917358392e+01 8.174889678293921236e+01 9.278312445142023535e+01 1.123760688167971438e+02 1.132620317864847266e+02 9.407117575336530990e+01 1.132620317864847266e+02
7.129380096412413081e+01 7.859494121570595837e+01 6.818858009313341029e+01 8.509604822712404371e+01 9.338061263080825825e+01 1.029452157485397379e+02 1.002883899963156296e+02 1.023225920980245149e+02 1.001677638314745593e+02 1.001677638314745593e+02 1.083677652100255955e+02 1.007142938506191996e+02 9.594723977476894561e+01 1.042461574459772748e+02 1.164070673940304488e+02 1.045576860018418301e+02 8.784702284927772098e+01 1.045576860018418301e+02 1.164070673940304488e+02 1.078794499208814983e+02 9.946276222194514105e+01 1.063194322708481963e+02 9.202686517108010378e+01 9.059615711609345112e+01 1.074944461908123969e+02 1.105440813247632121e+02 1.024567263066173126e+02 8.683828076187911904e+01 1.042320882222771417e+02 1.036255757809077096e+02 8.428877012250710266e+01 1.010640771132294162e+02 1.092859029646266151e+02 1.206711360063721941e+02 1.221373286027248355e+02 1.079570454475800858e+02 1.221373286027248355e+02
7.277457530382142181e+01 5.873313208018437592e+01 5.825231803248061624e+01 6.523538482649296100e+01 8.189037149498054191e+01 9.338061263080825825e+01 1.023225920980245149e+02 8.275865510204926068e+01 8.062466260854401412e+01 8.062466260854401412e+01 1.001677638314745593e+02 1.011212782655964304e+02 1.093079846212070123e+02 1.115029518021854500e+02 1.032947553528370435e+02 1.115029518021854500e+02 1.077603187935606854e+02 1.160863382298166187e+02 1.127360855170648648e+02 1.045829346258584422e+02 1.056795134525356588e+02 1.138332449138742390e+02 1.121216369042554390e+02 1.106654414942805147e+02 1.191525411622428265e+02 1.210445729464170057e+02 1.137450774155609423e+02 1.056035163165212083e+02 1.137450774256037249e+02 1.118743918488803502e+02 9.530934514278830250e+01 1.118743918488803502e+02 1.200671352581589844e+02 1.117961721118323055e+02 1.200671352581589844e+02 1.279941887219266903e+02 1.181811782289654076e+02
8.126357343456906790e+01 6.923199354834720509e+01 4.928815159399865564e+01 5.372417476771694567e+01 6.523538482649296100e+01 8.509604822712404371e+01 9.248636872352516036e+01 8.433435724201181927e+01 6.672281361817059064e+01 8.634870443132514595e+01 9.800117146456666717e+01 8.161206177045089305e+01 9.800117146456666717e+01 1.016958860423478797e+02 8.376438099289114803e+01 1.016958860423478797e+02 1.144407330913449670e+02 1.066797894495761909e+02 9.686496192374545444e+01 8.523343369360199517e+01 8.630576743416557406e+01 9.994254962542970588e+01 1.195297693307786346e+02 1.193416283121126753e+02 1.110935034509129338e+02 1.011424339553813638e+02 1.152187659890557683e+02 1.150975977151143042e+02 1.233467265138621229e+02 1.233025835891579760e+02 1.149857580963093540e+02 1.160620071293900111e+02 1.077937008077760055e+02 9.189315564313156415e+01 1.101061292387604311e+02 1.219085825983308666e+02 1.066434125298379456e+02
