MOVIE_S2_data/elevation_000043.asc
nrows	100
cellsize	150.0
xllcorner	0
ncols	100
yllcorner	0
NODATA_value	-9999
[rows 51 to 67 of 100, columns 37 to 73 of 100]
5.040545869745619001e+01 6.808251955715556392e+01 8.274609706656401897e+01 6.581419853342477211e+01 7.053600305599304932e+01 5.033950567455533331e+01 7.053600305599304932e+01 7.611046192635728858e+01 5.613501169214440978e+01 4.178512540444481971e+01 6.198568560849098930e+01 6.555712218995090268e+01 4.543454329400161384e+01 5.712508210248718399e+01 7.707550315515518946e+01 7.128552333137963615e+01 5.187909804356799270e+01 6.334253121202496573e+01 4.989162699642103149e+01 6.934643221911083799e+01 6.369539674712401478e+01 4.382177144250180589e+01 5.770521718468467753e+01 5.550987840934771356e+01 4.193116275443090046e+01 4.021901506148510208e+01 6.045433085580533827e+01 7.325885179565868555e+01 7.857677496511607274e+01 5.798526609428634515e+01 5.519271986778254302e+01 6.186382061042237268e+01 6.261239750406333826e+01 4.375211480291743982e+01 4.465221235945473666e+01 4.555236521216967560e+01 6.563786924663438072e+01
6.989223223208787772e+01 6.420090009460723479e+01 8.363232581238540320e+01 8.055912262351418462e+01 7.545942365391016438e+01 5.523349865504658140e+01 7.545942365391016438e+01 7.723374692469087677e+01 5.729205999619807699e+01 4.560830974476105126e+01 6.572040860843033272e+01 7.027774117365297002e+01 5.024985100501123014e+01 7.027774117365297002e+01 8.531404944528502199e+01 7.766965060437019019e+01 5.851726878539877674e+01 7.388044614444889646e+01 5.464425691684420627e+01 7.388044614444889646e+01 6.829611301245286370e+01 4.824217905859006805e+01 6.829611301238766430e+01 6.245010627381136459e+01 6.245010490201582343e+01 6.045433085581704802e+01 4.485894812835984879e+01 5.917281309585325744e+01 7.899121107758413984e+01 7.888473084185245909e+01 7.545277513322606922e+01 6.875004871741943191e+01 4.873138190255022550e+01 6.388531373111835165e+01 6.475502452528510844e+01 6.485146919500057550e+01 4.683584785734078082e+01
8.010516069266505212e+01 8.363232531727460639e+01 9.171911873538508075e+01 1.010125151367823548e+02 8.090309236674127646e+01 6.062576344717133026e+01 8.090309236674127646e+01 8.547044563041529841e+01 6.980844058465666535e+01 4.978125579678470558e+01 6.980844058465666535e+01 7.603387063415055991e+01 5.609405327309859501e+01 6.662883070074407499e+01 8.651353089519486161e+01 8.484189409583648001e+01 6.586592147501505679e+01 7.879261474785955954e+01 5.976787084373390257e+01 7.879261474785955954e+01 7.330259284581353540e+01 5.327682088102342561e+01 7.330259284581353540e+01 8.308281181651094016e+01 7.655357569716372268e+01 5.889598862853301853e+01 4.832843078636653189e+01 6.852319120918073736e+01 8.357979291605839478e+01 8.800880379143089272e+01 6.817459581020588644e+01 5.404904941478207547e+01 6.875004871741943191e+01 6.874628413074461264e+01 7.251583214114943132e+01 5.257529078450590276e+01 6.688757815774843607e+01
8.478027038618216693e+01 1.008140784833521053e+02 1.085640963068897662e+02 9.877010057212950755e+01 7.744561668465370019e+01 6.777054239558346183e+01 8.807881908691194894e+01 8.562821951146887045e+01 6.576991322810633278e+01 5.420782650826379978e+01 7.416302103311942062e+01 8.231839867669938826e+01 6.244497604304550720e+01 8.231839867669938826e+01 9.475694789280916552e+01 9.281446301924826514e+01 7.535439147624529710e+01 8.423545840608342417e+01 6.538089905922981870e+01 8.423545840608342417e+01 7.882630066586408191e+01 5.891061677276319131e+01 7.301693791730107819e+01 9.285441568014809377e+01 8.495111966991147767e+01 7.346740700087390508e+01 5.404430706155233821e+01 5.537493762817988596e+01 6.701570495036210673e+01 8.683194160612467272e+01 7.788477080737789038e+01 5.799415866479684922e+01 7.788477080737789038e+01 8.858370384083457338e+01 7.666841127777217935e+01 5.677311119016078322e+01 7.666803945039229973e+01
7.472368647789042484e+01 8.278824658948191484e+01 9.939896723985602023e+01 1.072285658627787654e+02 9.651190781663947860e+01 7.790790261183798293e+01 9.651190781663947860e+01 9.386613917468649504e+01 7.913645764027741336e+01 5.924271121164551346e+01 7.913645764027741336e+01 9.055343733878204660e+01 7.650846728319282875e+01 7.650846728319282875e+01 9.634481384336019971e+01 1.023636932328542599e+02 8.870304076027332485e+01 9.049718210433127297e+01 7.171201668057597090e+01 9.049718210433127297e+01 8.543910404051172236e+01 6.560077892634141961e+01 8.543910404051172236e+01 9.695926077743186511e+01 7.724046925637138372e+01 6.315564753415478094e+01 7.413488872140445096e+01 6.125351940953530061e+01 8.112842369328933501e+01 9.504318977991630391e+01 8.202413484071436756e+01 6.217244232317160879e+01 7.365825451349766695e+01 9.345213989271310595e+01 8.110737712250404741e+01 6.125571840838087212e+01 8.110737712250404741e+01
8.797001194734131957e+01 1.008140784881372696e+02 1.085640963068897662e+02 1.155665329089251259e+02 1.066867761244940169e+02 9.824973556198609970e+01 1.066867761244940169e+02 9.533460750487255098e+01 7.549600653217740387e+01 6.679758866386276850e+01 7.549600653217740387e+01 9.533460750487255098e+01 9.634481384336019971e+01 9.634481384336019971e+01 1.045984073943714208e+02 1.116600457395104229e+02 1.079126215690996133e+02 9.847080898237058477e+01 8.103844010903546291e+01 9.847080898237058477e+01 9.368543445074233489e+01 7.553144682831161560e+01 9.368543445074233489e+01 9.548903476602488638e+01 7.576914648424903476e+01 7.724050425240217521e+01 8.738068323751492983e+01 6.760930324761605448e+01 8.738068323751492983e+01 1.006862351313932464e+02 8.089823399433245754e+01 6.688142275190188002e+01 8.669400534132411451e+01 1.016739768586441102e+02 8.591131310897576157e+01 6.610417761815445203e+01 8.591131310897576157e+01
1.067335936428159613e+02 1.052317010051088317e+02 9.700684970309033872e+01 9.339700889727193100e+01 1.070882445630059010e+02 1.163376352868614561e+02 1.106616543171994778e+02 1.035848657401769373e+02 9.487057705748026137e+01 7.672542592758085789e+01 9.487057705748026137e+01 1.035848657401769373e+02 1.056923092779330062e+02 9.748570697303287602e+01 9.763636011470836706e+01 9.182755933445874064e+01 1.058436226362746311e+02 1.080053003511092982e+02 9.995593857713886621e+01 1.080049716796911525e+02 1.036135738112679832e+02 9.534694531301101961e+01 1.036167142437918045e+02 1.036872437747928331e+02 8.970604676903242591e+01 9.696302195444951622e+01 9.558921675573982668e+01 7.647486097682984507e+01 9.558921675573982668e+01 1.006862351316502071e+02 8.089823399433245754e+01 7.680501378728276052e+01 7.833357684353603645e+01 9.811456305582601090e+01 9.119430506205348763e+01 7.142715919668529523e+01 9.119430506205348763e+01
1.037356272743183467e+02 9.360344295478473953e+01 7.678807070081103348e+01 7.803773949947542121e+01 9.873312926411409762e+01 9.677449253842338805e+01 9.102224178678493161e+01 1.048461395509843328e+02 1.047944897386695402e+02 9.654230526891345221e+01 1.047944897386695402e+02 1.056923092779330062e+02 9.420461650140032361e+01 7.755332365357158153e+01 7.770227057898742373e+01 7.770227057898742373e+01 9.466061805323036538e+01 1.028739308473114136e+02 1.092613525024627990e+02 1.006942364217884602e+02 9.798728416627423599e+01 1.065644945219028017e+02 1.031537196942051651e+02 1.117111998873999568e+02 1.094504978807610058e+02 1.145032893532114571e+02 1.044291340944075159e+02 9.040391235779425472e+01 1.044291340944075159e+02 1.089170515950397942e+02 1.006862351316599842e+02 8.821436376430256132e+01 8.974293753107787097e+01 1.063420568882491466e+02 9.714825616997266877e+01 7.740123432505868095e+01 9.714825616997266877e+01
9.554912464428799979e+01 7.545105162640247443e+01 6.500519092980883329e+01 8.532999940587347965e+01 1.033613384262566797e+02 9.531096130608332828e+01 7.694467702624635308e+01 9.613525896863511377e+01 1.037437445548962529e+02 9.731162935037922068e+01 1.060327434673521907e+02 9.748570697303287602e+01 7.755332365357158153e+01 6.593582456846014850e+01 6.347532556845455076e+01 8.054501924709158800e+01 7.469814678057151980e+01 9.466061805323036538e+01 1.006942364217884602e+02 7.989281032120140935e+01 7.719929859698891050e+01 8.843287316680701338e+01 8.233526600168984544e+01 1.031537619046558376e+02 1.087347772524718010e+02 9.483177726993123713e+01 1.087347772524718010e+02 1.102055535488843958e+02 1.077178757294476270e+02 1.098514021277720047e+02 1.162564214691585249e+02 1.080147623473493610e+02 1.095504161936022314e+02 1.177937552806084085e+02 1.041353080710435535e+02 8.437294095229631807e+01 1.041353080710435535e+02
9.404393535374482838e+01 7.913911674194859813e+01 5.890695153401558315e+01 7.913911674194859813e+01 9.531096130608332828e+01 7.572095309177191780e+01 6.883514602124118653e+01 8.219274213136792184e+01 9.342227595575089083e+01 7.462870222206795745e+01 9.044675550867054881e+01 9.901535741266256707e+01 9.089860016872539461e+01 7.595678233320570882e+01 5.581342857734315999e+01 6.044822893325879676e+01 7.469814678057151980e+01 9.466061805323036538e+01 9.942806185588129608e+01 7.869902829729565497e+01 6.537638590509162384e+01 6.778426423207312723e+01 8.233526608312078565e+01 1.031537988799979644e+02 9.976164114799662741e+01 8.035922940763947508e+01 9.976164114799662741e+01 1.020356951014247073e+02 8.824644789036464942e+01 9.037562545684433246e+01 1.098514021277720047e+02 1.212032857794099954e+02 1.130466355522523543e+02 1.177509885812754504e+02 1.123597809397375045e+02 9.574997335780774677e+01 1.123597809397375045e+02
8.583066703175822454e+01 6.568595282045782824e+01 5.403168716975021368e+01 7.420011085911595217e+01 8.971525165116116796e+01 8.145873365424360202e+01 6.188462065839488702e+01 8.145873365424360202e+01 8.413259727769201390e+01 6.306664031678709392e+01 6.924983714272158863e+01 9.044675550867054881e+01 8.266219590060413225e+01 6.258617778914204166e+01 5.086097335197292324e+01 7.107130143969961011e+01 8.878603837516112662e+01 9.838968822584460838e+01 9.110282183453097105e+01 7.819360917306487124e+01 5.818990524656801711e+01 7.869902915038368008e+01 9.702357791906497653e+01 9.770040610596468866e+01 9.154442026997440962e+01 7.061130527939904766e+01 9.154441802980369403e+01 8.524614773714438343e+01 7.448821633595065350e+01 8.824644789036464942e+01 1.077178757294476270e+02 1.097600450751328509e+02 9.317318505008449847e+01 9.793670472010570904e+01 1.177509885812754504e+02 1.155898883096819532e+02 1.238188535432907287e+02
8.303762226875758756e+01 6.654856604879778104e+01 4.974867488390216863e+01 6.137532305989007853e+01 8.149421866690782679e+01 7.666846249637394806e+01 5.696153267420358901e+01 7.666846249637394806e+01 7.545827079185033881e+01 5.422708171615420980e+01 7.545827079185033881e+01 7.817677302319171417e+01 7.076470735430653747e+01 6.245551543430134700e+01 4.717947586513992775e+01 6.744141935923839526e+01 8.004828217261929524e+01 8.004356217189830147e+01 8.387776207870544454e+01 6.542107153174976020e+01 5.383677142767903945e+01 7.440275547056378969e+01 7.876066474841047693e+01 7.819260052116511872e+01 8.406308620052051594e+01 6.364969886425551238e+01 7.758433849143590066e+01 6.571218937746871802e+01 8.524614773713301474e+01 1.020356949775036668e+02 1.102599437212698064e+02 1.015726935550989793e+02 8.168563435324530531e+01 1.015726935550989793e+02 1.134060596243673729e+02 1.236234368233628800e+02 1.155768227937149675e+02
6.916024112000550872e+01 6.602246185855375415e+01 4.586186458017019874e+01 6.602932139850739190e+01 7.453603396746794374e+01 6.634226829871143138e+01 5.239782164891671101e+01 7.222839242699097895e+01 6.962435447381375297e+01 4.862449105298470897e+01 6.959469043564192248e+01 5.815523002639869787e+01 5.819386054634349392e+01 4.213853615266504704e+01 5.996379924895486369e+01 6.755306560426258500e+01 6.076713574428755038e+01 8.002504404838022367e+01 8.046970251310339961e+01 6.911541439029481637e+01 4.988446086164455551e+01 6.680078142531415608e+01 5.995837617254536411e+01 7.678708019863685763e+01 6.825933684153648073e+01 5.789109465324459336e+01 5.233980682927492012e+01 7.758433849143430905e+01 9.126766308022970975e+01 9.939475152234757616e+01 9.627156341024557662e+01 8.228328222514826962e+01 7.555575918029434490e+01 8.533832653154468062e+01 1.052293675275203810e+02 1.124662936482057773e+02 9.629498154147565003e+01
4.816206763956144954e+01 6.148991976371164014e+01 4.213874984638120225e+01 5.729641045926257448e+01 6.087113893826261801e+01 4.635063322547078002e+01 6.634226829871133191e+01 8.037973799748931469e+01 6.441186283134149448e+01 4.359561078797953826e+01 6.383980200724862186e+01 5.659679213866222369e+01 3.786968321773538548e+01 3.874280186762781852e+01 3.964758213041843504e+01 4.798688132534361728e+01 6.209070334973757355e+01 6.309560762874622242e+01 5.935776702807955729e+01 6.257175898371460931e+01 4.606115057755442166e+01 4.706476745854258326e+01 5.709530890264349523e+01 6.884605208888325478e+01 5.106522536898985720e+01 5.213332769637059982e+01 5.322744860351897955e+01 7.342417885962028379e+01 7.131106204217225297e+01 9.042791518497567438e+01 8.229806325028054914e+01 6.847132405576144265e+01 8.228324108786942759e+01 1.020708891112423800e+02 1.134050102376707514e+02 1.044443640744054704e+02 8.507347513014576634e+01
3.530809399270351179e+01 5.326649712716185547e+01 5.236305254424343048e+01 3.699164810996347796e+01 4.073801215750916782e+01 6.087113893826261801e+01 6.648664780952728393e+01 6.282487109497196087e+01 5.451998205694915356e+01 3.900332730049089491e+01 5.476681168822975110e+01 3.663688797203386827e+01 5.696865575219261757e+01 5.906791934145321932e+01 4.102332144456180885e+01 4.093936447700275494e+01 4.185894905258559362e+01 4.278305549676698405e+01 4.373480264263229600e+01 4.469286840316967613e+01 5.593886467136989893e+01 6.738179975183496140e+01 4.850083671815678343e+01 4.955912508203758193e+01 6.985185931332840426e+01 6.649724136169895417e+01 7.342417181444903918e+01 5.480047164912698321e+01 7.496956903222934443e+01 7.768128808732726043e+01 6.260406125176415060e+01 8.229666725731617305e+01 8.807754709692974870e+01 1.078409559702853926e+02 1.031790454202601097e+02 9.509163077679814080e+01 8.086942009077451132e+01
2.600928846805613048e+01 4.649585437839550650e+01 3.196425562363699058e+01 3.538058031810634674e+01 5.049504040944712102e+01 5.130094661967733316e+01 4.617779043325167976e+01 5.273200294379474684e+01 3.370682069363998323e+01 3.453600253503433493e+01 3.540665228472478532e+01 5.574834907244770221e+01 5.106230627806978362e+01 7.125466713432427923e+01 5.763243227231921395e+01 5.591072481059945432e+01 6.218954697691293632e+01 4.696910545598654352e+01 6.404489556849122778e+01 5.894157774883144185e+01 6.995246658980823895e+01 5.376743740507685487e+01 7.129862670145237757e+01 6.996319784115239315e+01 7.857704662607967805e+01 8.662216318845132434e+01 8.261684770297252101e+01 7.355796386407186560e+01 5.638789297535087286e+01 5.753986498024328711e+01 5.869811778020896043e+01 7.883023236895463981e+01 8.873747641932622798e+01 9.827922545460883441e+01 9.016025666125845817e+01 7.535965652078758126e+01 9.509161653614313536e+01
4.649525492359123291e+01 2.706375359239425293e+01 4.751257870355795632e+01 4.746841812369546432e+01 3.005744253040969127e+01 3.088081707118881880e+01 3.170625139058454423e+01 3.253359005317143016e+01 5.227704886619603286e+01 3.777011669540665650e+01 5.570896443844208079e+01 6.407589937844871031e+01 7.126081283423208390e+01 7.954066430946153332e+01 7.230858001082214059e+01 7.819753631584079301e+01 6.536267379919790699e+01 5.124866865601728705e+01 7.140871160764537251e+01 7.809692833373794940e+01 8.172709907405790375e+01 7.374425423216175091e+01 5.922698225258150728e+01 7.917281383270096740e+01 9.387919809829600126e+01 9.511404566697758867e+01 7.521916666477559943e+01 6.356778827017429023e+01 7.654643337810772152e+01 7.183604008024221343e+01 7.883399714710728290e+01 6.042317725382810778e+01 8.053685892682810277e+01 8.547467243686152472e+01 7.028149096245398653e+01 9.016025666125690918e+01 1.031789806087138572e+02
