MOVIE_S2_data/elevation_000062.asc
nrows	100
cellsize	150.0
xllcorner	0
ncols	100
yllcorner	0
NODATA_value	-9999
[rows 17 to 33 of 100, columns 37 to 73 of 100]
4.872323299203504376e+01 5.204985729116783233e+01 3.301414184814908026e+01 2.303886283857233153e+01 4.324744829677204905e+01 3.305334016701781508e+01 5.321450556336532856e+01 7.110668810853634625e+01 6.282998267558111394e+01 5.053130389384190835e+01 6.490275054010535882e+01 8.492497583328704991e+01 8.689886182635932244e+01 7.305076362944473090e+01 8.607838710986803221e+01 6.974101369883779000e+01 7.225606865977439952e+01 9.172706873024679908e+01 8.492243480825894153e+01 6.485838369041272244e+01 8.093940042727707862e+01 7.358610345781453077e+01 9.359265398529051083e+01 9.848850484493573276e+01 8.189711794415636348e+01 8.799191388631834343e+01 7.626036873586731701e+01 8.618929629809861126e+01 9.991068716984128173e+01 1.187075435295028996e+02 1.138994036393370664e+02 1.055968197515167049e+02 1.142441241096992144e+02 1.189033442785325434e+02 1.087105122908435249e+02 1.139231967926279054e+02 9.411374522698601197e+01
5.704912465516942888e+01 6.010265206704814744e+01 5.078594430207651556e+01 4.318747503997973780e+01 2.398178935246391674e+01 4.419770097915278484e+01 5.348459534536628723e+01 6.282998267545471549e+01 4.271410585709456598e+01 6.282998267558111394e+01 6.590731879320838971e+01 7.442480612445157817e+01 7.713403338511889729e+01 5.927975619466175061e+01 6.926473165944923949e+01 5.851803419211115198e+01 7.795899254393201261e+01 9.392331605342006640e+01 7.782872150650769072e+01 5.770074621452994990e+01 6.083839764967731867e+01 8.093940042727707862e+01 9.568966429916179095e+01 8.746394030832172461e+01 7.035792763028889851e+01 6.807466830128912250e+01 7.808724322537376850e+01 9.211517733816162945e+01 1.118541362410763753e+02 1.188060975363204221e+02 1.110036682168089186e+02 1.188060975363204221e+02 1.189034598004126480e+02 9.951854472215860881e+01 9.484637670828975331e+01 1.111501669262191996e+02 9.991578574225840725e+01
6.567986604153131225e+01 6.852378268385230342e+01 4.838534511823833384e+01 3.411899872423063584e+01 4.414418893087528062e+01 2.494142812123221375e+01 4.515980659662989893e+01 5.435345100504515869e+01 3.830317496482854267e+01 5.169401063785507944e+01 4.582314846812245435e+01 6.590902574557847515e+01 6.901598179424507862e+01 4.941949332731208244e+01 4.970025090118019051e+01 6.926473165944923949e+01 6.667579336343270313e+01 7.497631790152533426e+01 6.558609868262873022e+01 5.129831856816466029e+01 7.146369684548344026e+01 8.921286229984276872e+01 8.417456463707806336e+01 6.748354578970676698e+01 6.134027201095726411e+01 7.295889956129109066e+01 9.286020955240833530e+01 1.060810734306562182e+02 1.052854608773803164e+02 1.093075571553861067e+02 9.175804576461727891e+01 1.015317104249604370e+02 1.095123800984539173e+02 1.030971027859519182e+02 8.327283884676099035e+01 1.030971052755256352e+02 9.386226315487853356e+01
7.398231530431756653e+01 6.852698608777981804e+01 4.838548388763877739e+01 5.428242693386682305e+01 5.119479762171429371e+01 3.107598662486701713e+01 2.591058489148326771e+01 4.605130722656251407e+01 4.781046085362753217e+01 3.224575727646422507e+01 5.170130791884351140e+01 6.116983214803617130e+01 5.564987539571724540e+01 4.188672262496735499e+01 6.159091095485484857e+01 6.247694372289955567e+01 4.654608177920461287e+01 6.336972057857598628e+01 6.155697772352572628e+01 4.709949755653737924e+01 6.725892480974994214e+01 7.946014769814497924e+01 7.119347880541619134e+01 5.581399107023393924e+01 6.748354578970676698e+01 8.746394030325659230e+01 1.010685533673808720e+02 9.977814818271721720e+01 8.610880121189592273e+01 9.957754566629867554e+01 8.172406452623413031e+01 8.172668626172229267e+01 9.679668983881133215e+01 8.867388764588930883e+01 7.684293709484830970e+01 9.683047284237093777e+01 8.846883516645119983e+01
8.457986869764422977e+01 7.685446666996487863e+01 6.852698608777981804e+01 6.131982498791559522e+01 4.117524126132938989e+01 5.118959740735328268e+01 4.473395204511532341e+01 2.688678590592332895e+01 2.760412744110820427e+01 2.832732400021235364e+01 4.852229086941016334e+01 4.326570414455643032e+01 3.584943326585617029e+01 5.564987219775555616e+01 6.159898880901573648e+01 5.099703415963961106e+01 3.495802628916246846e+01 5.505389890575604994e+01 4.142705374235607252e+01 6.155696491775798762e+01 7.503022100485270585e+01 6.674634513844200967e+01 5.103507534191383144e+01 7.119347880541619134e+01 8.417456406688623360e+01 9.568966360201169152e+01 9.514958149740428439e+01 9.108249210830010156e+01 7.258088202662679578e+01 9.106397258876131673e+01 9.009209838897066902e+01 7.002067151208449047e+01 8.155670465478827680e+01 6.853924899124747583e+01 8.867388764588709194e+01 8.595928628647118330e+01 7.766499095614531711e+01
7.630004965524015859e+01 8.818495911468693294e+01 6.817754410721211400e+01 5.392904355101157421e+01 6.131982498791561653e+01 5.100858674743628995e+01 3.086390400886415009e+01 4.709916147381718332e+01 4.780990685388915296e+01 4.769823629662219133e+01 2.937484796202419446e+01 3.012472997401502539e+01 4.867735780813234925e+01 5.197971744844427633e+01 5.282486453777458735e+01 3.384031852246295102e+01 5.393751842079480951e+01 3.607805207087037047e+01 5.617702858087661610e+01 6.562789067840743940e+01 6.254698401348301218e+01 4.658789252222175037e+01 6.674634490856055891e+01 7.945943043222746383e+01 9.248354557889803118e+01 8.981964832089742856e+01 7.657586152400264723e+01 8.312863740386175948e+01 6.369666057723998875e+01 8.008949917510231842e+01 8.820708307637289636e+01 8.153719801169778236e+01 6.134412269649133975e+01 8.155656755733306795e+01 8.436352951328613869e+01 7.606243439939837003e+01 5.737486671629982027e+01
6.400126334765270997e+01 8.408639348818272197e+01 8.229864144856880159e+01 7.403758028888802301e+01 6.804377437620904345e+01 4.793337609087031836e+01 3.371312849712978732e+01 5.382315151097790817e+01 5.687529337769434790e+01 3.677050698371841264e+01 4.954427650616647583e+01 4.979665377737310195e+01 3.120270442859348847e+01 3.196289519815624658e+01 3.272021367540829573e+01 5.282486442974095553e+01 6.225386077813270447e+01 5.617701715320560396e+01 3.722488659481825124e+01 5.732794594586140136e+01 4.241607104483799162e+01 6.254522957445579578e+01 7.477056179941097014e+01 7.241483908545893655e+01 7.242488807205059231e+01 8.079987035848746757e+01 6.305284424734845317e+01 7.405276966373392611e+01 5.684901240458533778e+01 5.983121854137728235e+01 6.939666451449204487e+01 7.286655099418057091e+01 5.766491248576445372e+01 7.343440724812684550e+01 7.450357215532592647e+01 5.573737952342703039e+01 7.606243451620044027e+01
7.376442455479551086e+01 8.937449689469535485e+01 8.853178036314061217e+01 7.695695167595788178e+01 6.866525811215751673e+01 5.675573723211063282e+01 3.665384831608189842e+01 5.675573723211061861e+01 6.245382189331166956e+01 4.234108430061210981e+01 6.245382066858846315e+01 6.051344606020305150e+01 5.191962236225070626e+01 5.206854915220556990e+01 3.511722161479482907e+01 5.477737560631906177e+01 6.776578540106028470e+01 6.562369551420995606e+01 5.730405261577913478e+01 3.837664812404747749e+01 5.844500811054250988e+01 6.053411540838843763e+01 6.137312539346927309e+01 5.225621324111442334e+01 6.323915550469598656e+01 6.414379132976232256e+01 5.306957094471913905e+01 6.056408989528095788e+01 6.594571743714938350e+01 4.808697573902458089e+01 4.906010346368766051e+01 5.253757861624208658e+01 7.189639772493289627e+01 5.307391308455346035e+01 5.415249372162878672e+01 7.450357230928712227e+01 6.298299770186934410e+01
6.099910882603349904e+01 8.110666649638848469e+01 8.026322040803134428e+01 6.017437491632570357e+01 4.852507131412109942e+01 4.333704321309255647e+01 4.058266563764380663e+01 6.070133240208606651e+01 6.881619035851331034e+01 4.869661469527902398e+01 6.881619035850241062e+01 7.410015461101757239e+01 5.384858226530527503e+01 3.991987422419587261e+01 5.477723228342106410e+01 3.970339201750994818e+01 5.945935364153846336e+01 7.277809902655046415e+01 6.500176766446521981e+01 4.488219188666783310e+01 3.958493548450024235e+01 4.044069061477294014e+01 4.132685950068685088e+01 4.221394219373360102e+01 4.310477778555684836e+01 4.399635851335448677e+01 4.488792026754121167e+01 4.578961520045395872e+01 4.673979948469778378e+01 6.707519974736935353e+01 6.939701903803225491e+01 5.051866501975835178e+01 5.156163326361654242e+01 7.192939831274685503e+01 5.307307024270458129e+01 7.892036094133766255e+01 8.321578498119399114e+01
6.684009585686521859e+01 8.689643204496780982e+01 7.871476978196898244e+01 5.861571719197290520e+01 6.866525811217944408e+01 5.757826789092637654e+01 4.467122899791332458e+01 6.481269114698713452e+01 7.640990568560445695e+01 5.631882340322949432e+01 7.640990568560445695e+01 7.768924258274154226e+01 5.754767125345051682e+01 4.343473146778893579e+01 6.344694939126068078e+01 5.945935364153846336e+01 4.451427127045695187e+01 6.104005633355814098e+01 7.619201002008513512e+01 6.579325056858225196e+01 5.970522243932712314e+01 4.376284760581648925e+01 6.145297059212860802e+01 5.658618687794136548e+01 5.734076102624095483e+01 6.414272992537311779e+01 5.006387934629611891e+01 6.632270045393589442e+01 4.731888142465539460e+01 5.340423493923379539e+01 7.295395340880703827e+01 7.094004254006196675e+01 5.849313674084371684e+01 7.780660003064133434e+01 7.892036063031970627e+01 6.575306157787863981e+01 8.579455665397181008e+01
7.356214342645751003e+01 9.356357635422293129e+01 8.699163197050476981e+01 6.763556328561612929e+01 8.595780655818018090e+01 6.910902999602464547e+01 4.895741454895712508e+01 6.910902999602464547e+01 8.468549338006923222e+01 7.054967172043448898e+01 8.468549338006923222e+01 8.250802531730130340e+01 6.748371506562283173e+01 4.730014410559307692e+01 6.748371506562283173e+01 6.828743193684165647e+01 4.816283015919069754e+01 6.240185366713431847e+01 8.249647481797755688e+01 7.895887161149087774e+01 5.881149630643456305e+01 4.713406432681823333e+01 6.732677905565196852e+01 7.674760681167556697e+01 7.747998687388012229e+01 7.738324196614397010e+01 6.338171338117828668e+01 5.506849484803394290e+01 7.479859137354655729e+01 5.535993884360475192e+01 7.705637408842792979e+01 8.629610959934868220e+01 7.185829409810381208e+01 7.416922830295402491e+01 9.094836704491883950e+01 7.098781017519593206e+01 9.094836713083321911e+01
8.359391493312676857e+01 1.018128057510386242e+02 9.594333555670418434e+01 7.923315709938731288e+01 7.985032772847678473e+01 5.975519972639293798e+01 5.799419181438258164e+01 5.975519972639293798e+01 7.985032772847678473e+01 9.055776200309186663e+01 8.580709278313446475e+01 6.573185298559319278e+01 5.401784983291303632e+01 5.896877011210516883e+01 7.579282655656713530e+01 7.240617775039390835e+01 5.222852662814854341e+01 6.392040333132470664e+01 8.399796117762673475e+01 8.727558513380307659e+01 7.371157523385893739e+01 5.352107785299979525e+01 5.329607197265531227e+01 7.280409381308598427e+01 8.813898502921507827e+01 9.139361197048840779e+01 8.043942260364991625e+01 6.045895943748624290e+01 8.043942260364991625e+01 6.061393047034943748e+01 8.150563020492943167e+01 9.689084076119546296e+01 9.217308405570638286e+01 8.884268984464711139e+01 9.667655033133070219e+01 7.683362502050142950e+01 9.667655033133070219e+01
1.035332377753190798e+02 1.117770480067647867e+02 1.074716533944224466e+02 9.921396266578659606e+01 8.812529831199658759e+01 6.983589387022598771e+01 6.808189073089133103e+01 7.985032772847678473e+01 7.398955871606042933e+01 9.399947576418840356e+01 9.408187219358183029e+01 7.979964012170334797e+01 5.966987460974483781e+01 7.911534618395403129e+01 8.739970858400265286e+01 7.702709345048802447e+01 5.688498904512028531e+01 7.702709345048802447e+01 9.227023024078945923e+01 8.445561534542363802e+01 6.435535821025499104e+01 7.371157523385893739e+01 7.193941862086029460e+01 5.968834728422749691e+01 7.351676499471307125e+01 9.411116742507448407e+01 8.572222558658155833e+01 6.595578678262398853e+01 8.572222558658155833e+01 8.150563020492943167e+01 6.744904675059422061e+01 8.824382038145888885e+01 1.079414170982331029e+02 1.110867977096788479e+02 1.041122035902183143e+02 8.443896160721681099e+01 9.667716712212160246e+01
9.855711976536420593e+01 1.011392675580659670e+02 1.069732247678527273e+02 1.059199281540802389e+02 9.812810574918630380e+01 8.401739272042637197e+01 8.227145679781671106e+01 9.638483007732132535e+01 9.399947576418840356e+01 1.022610379079328169e+02 9.395143372933243597e+01 7.393777527751859679e+01 6.732876754566021305e+01 8.737725679574155890e+01 9.336778912106078110e+01 7.335460590355602051e+01 6.330334656799654880e+01 7.335460590355602051e+01 9.336778912106079531e+01 9.276958048256827283e+01 7.443795527118881239e+01 9.079523845893125156e+01 7.082815648145684406e+01 6.693315737484270755e+01 8.743104150589975632e+01 9.964888649363095396e+01 7.995361376031050327e+01 7.348819582200937361e+01 9.315593059556803723e+01 9.521847668412171117e+01 7.429450777613322998e+01 7.847901824556771544e+01 9.053333526814346044e+01 1.112765203126547675e+02 1.122795095265084200e+02 9.582825383421842957e+01 1.122795095264429364e+02
7.860308150854061182e+01 8.119515511717793288e+01 8.703665030694612881e+01 8.599222637383442702e+01 1.000893246427833105e+02 1.039815588079504067e+02 1.022408451106901310e+02 1.027658978207216336e+02 1.005884609824969829e+02 1.056512678832852004e+02 1.022215015026687581e+02 9.395143372933243597e+01 7.738464550502135353e+01 9.564837069943988013e+01 1.016346238738763788e+02 9.093781800785188807e+01 7.092580239371039852e+01 8.337398939560539191e+01 1.016346238739924956e+02 1.027956034012224507e+02 8.861147860351135819e+01 9.908552821784000741e+01 8.242921407185154692e+01 7.712750890095900047e+01 9.631346613488753405e+01 1.078791911103617451e+02 9.964888649363095396e+01 8.331183298325454700e+01 1.013674452880253227e+02 1.031740896752752406e+02 8.212551617366622736e+01 9.938024844393677881e+01 1.079414170982331029e+02 1.196298580719562921e+02 1.236291970797999369e+02 1.154282894005881133e+02 1.104094879736912276e+02
8.119515511717793288e+01 6.692136370781516064e+01 7.914678575375602065e+01 7.177670801718333848e+01 9.182891500859011558e+01 1.087375705757634847e+02 1.027658978207216336e+02 8.287510777840407172e+01 8.069991571967238997e+01 8.576058815514581113e+01 9.984224856756426902e+01 1.056371336899000397e+02 9.736986808646176428e+01 1.056371336899000397e+02 1.131283101948441896e+02 9.920133956202607806e+01 8.250444486733529459e+01 9.920133956202607806e+01 1.116114900371913592e+02 1.128702003630755968e+02 1.086249292505002018e+02 1.105766937028744934e+02 1.023218312887922394e+02 9.194950922700510887e+01 1.070481330651639666e+02 1.249938690321942261e+02 1.112423875596660565e+02 1.030000282078936351e+02 1.112423875596660565e+02 1.117865950716090708e+02 9.427703464036865455e+01 1.117865950716090708e+02 1.184704425268815982e+02 1.101829427038765346e+02 1.184704425268815982e+02 1.129944689346943818e+02 1.021259464525605836e+02
9.322526199672900304e+01 7.914678582642899585e+01 5.877064799894344560e+01 6.880057460292752580e+01 8.050284218792840818e+01 1.004740335611652000e+02 1.006741485887535958e+02 8.652513575921808808e+01 6.662107672942377690e+01 7.168886879267797951e+01 9.158643336510800737e+01 9.310990593353130862e+01 1.013463194244050811e+02 1.073672399633854013e+02 9.336138164023148533e+01 1.073672399633854013e+02 1.024580199573908033e+02 1.107204929591594151e+02 1.071575246077644152e+02 9.308181585852020135e+01 1.071570873311807759e+02 1.014453798797337924e+02 1.097409100934522712e+02 1.138114037468584314e+02 1.166260559142455833e+02 1.042684333734159736e+02 1.187837787933250269e+02 1.177351561234380739e+02 1.261377188110061240e+02 1.238664048932503050e+02 1.153276928718696723e+02 1.150565656432118686e+02 1.067686905246458622e+02 9.021162244892134652e+01 1.084794408741535108e+02 1.047040040840018378e+02 8.467315699574723453e+01
