MOVIE_S2_data/elevation_000436.asc
nrows	100
cellsize	150.0
xllcorner	0
ncols	100
yllcorner	0
NODATA_value	-9999
[rows 34 to 50 of 100, columns 37 to 73 of 100]
5.638662687119040839e+01 4.754370929444267802e+01 6.184396617274948227e+01 4.651750467531009292e+01 5.798966501607318946e+01 7.264355023534167799e+01 9.403296760451233638e+01 8.144534781493587161e+01 6.166487895228498672e+01 5.065775894826605708e+01 7.017400399210774253e+01 6.501884742140416051e+01 6.060550646566223776e+01 7.139961881201635663e+01 8.015754542920832648e+01 8.994159795227449194e+01 1.054949024549418084e+02 1.042594487762061135e+02 8.743007417357659961e+01 9.237689362701460993e+01 7.224413945894153244e+01 5.801133044847949094e+01 7.814088767086111886e+01 9.228107034593645608e+01 1.023428460552414805e+02 1.135894167267217654e+02 1.052681861183212106e+02 1.135894167267217654e+02 1.113822079257198681e+02 1.030449288736009237e+02 8.727359898107681602e+01 6.707045269354742345e+01 5.281472869320503349e+01 7.298781727833424782e+01 8.565118798495349495e+01 9.393808506338957898e+01 9.817665460448384351e+01
7.593712648648640595e+01 6.184402044347187655e+01 4.207740365503813962e+01 6.184400259114283926e+01 7.490766688849699051e+01 8.469696404390342082e+01 9.151289754622879968e+01 7.925732921491685090e+01 5.951113383497536091e+01 4.590469755822202558e+01 6.347885374271490377e+01 5.113232807322209794e+01 6.244678445126555744e+01 8.233548457153348465e+01 9.729450358147940392e+01 7.771824263876230532e+01 9.729450703734971739e+01 9.593871590179125519e+01 7.580342234332381679e+01 8.431359874559592527e+01 7.507115895356362500e+01 5.494526885765604618e+01 7.507115895356362500e+01 7.971165276840676484e+01 9.983916333268699361e+01 1.035134624203478069e+02 8.509031425887009448e+01 9.865917911309446708e+01 1.030449288736009237e+02 8.284417233975727868e+01 8.876083692883139520e+01 7.092891005580104036e+01 5.077648301150961885e+01 6.501281617129606616e+01 8.521162414804535956e+01 7.366740665647247965e+01 8.391638302151235962e+01
7.361822679194278862e+01 5.347471187310421215e+01 3.973315640049735720e+01 5.937461079589960633e+01 7.094786571142662979e+01 6.509348655644951975e+01 8.469696404390342082e+01 7.541961057422776094e+01 6.116053489402994359e+01 4.180509844617032655e+01 4.399895815459542803e+01 5.770178779975358196e+01 7.742592469293582269e+01 9.066010068148908374e+01 8.971428699640014770e+01 7.002807105559426759e+01 8.971429079265878670e+01 9.516316990236872186e+01 8.431359874559797163e+01 6.418261905564646952e+01 5.782237215205117309e+01 5.198675881145363320e+01 5.958305608585997959e+01 7.381474992946169777e+01 9.394803557818451623e+01 9.517925018859568809e+01 7.498659328910501642e+01 7.847360258462963145e+01 9.273131936255451535e+01 8.876083694341946284e+01 6.855314400399075225e+01 6.891366734976554653e+01 4.878055150358654402e+01 6.609446732974447514e+01 6.631131651957150552e+01 5.940738863027606698e+01 6.367677159208616899e+01
6.836403505254305912e+01 5.699404243644851675e+01 3.743668711375650560e+01 5.699404243644851675e+01 5.098600298330902092e+01 7.094786571142662979e+01 8.177932031801788071e+01 6.125154082815363665e+01 4.747767379328888637e+01 3.782246613022724802e+01 5.720947442249104142e+01 7.171241969471743971e+01 7.776220961617958949e+01 8.604112068308337768e+01 8.338507238867194360e+01 6.364213188214468175e+01 7.521368533247978405e+01 7.521368533247978405e+01 9.264223106778464967e+01 8.359891675358122143e+01 6.347078942829886472e+01 4.926102889516353400e+01 6.936618142928777786e+01 7.971165276840676484e+01 9.983916333268699361e+01 9.604320839623814265e+01 7.585202125962592845e+01 6.419228845330043498e+01 7.675338315487705643e+01 8.510393979487642468e+01 7.795937071210725833e+01 5.777479969910188373e+01 6.609446658762678339e+01 4.598328731779076861e+01 4.632449300448543994e+01 4.795432788951838177e+01 4.960590449800940860e+01
4.827508118306844409e+01 4.149967848230116374e+01 3.515798313611033876e+01 4.064808547413633022e+01 5.184305859259441718e+01 7.162448654966863160e+01 8.053775065923714749e+01 6.877239976223195583e+01 5.444769396473008527e+01 3.503144853617365584e+01 5.444769396473008527e+01 6.385285624240496816e+01 5.809141492990495692e+01 7.776220962557167127e+01 8.874399472836829261e+01 7.521368533247978405e+01 5.538242073632887497e+01 7.514089676867286016e+01 8.365579753429125276e+01 7.205903466461457185e+01 6.372807761578605579e+01 4.685110377155491079e+01 6.694580529785561396e+01 8.603160110376799707e+01 9.764872507332343332e+01 1.043763124968406686e+02 8.841165699071777340e+01 6.821893437849068675e+01 5.657743250611467545e+01 7.052694960711626493e+01 7.878902463712459792e+01 6.842546212768218084e+01 4.831010275778484697e+01 4.402736561627047251e+01 5.822387780937607005e+01 6.794371382760481026e+01 6.367677205901546955e+01
6.673371602097503796e+01 4.681987991747571698e+01 3.313757031840079748e+01 5.265256777439227420e+01 6.859955795048952609e+01 7.993242594192578565e+01 7.206361016856865831e+01 5.218396998857169677e+01 4.103993659342283706e+01 3.230634378508398186e+01 5.176233823510010268e+01 4.440977149502170107e+01 5.555727235663564301e+01 7.519084680660118636e+01 8.047096152586060214e+01 6.052599968135880459e+01 5.062454497950584908e+01 6.459814963645470698e+01 6.893994950589018345e+01 5.473222648683788805e+01 4.364287583685030114e+01 6.372807761287938177e+01 5.757951297394431833e+01 6.919269906925671876e+01 8.932453380127870446e+01 9.051971647366528373e+01 9.675287499611106057e+01 8.510394251877016814e+01 7.052694960711626493e+01 5.038269434531540014e+01 6.493471400335955934e+01 6.214924139829765437e+01 4.226511790072724040e+01 6.237175269531957156e+01 7.248628008942280587e+01 8.674868219116666523e+01 8.391638866571021538e+01
5.620749048750347754e+01 4.796828522498562819e+01 3.113782762780882507e+01 4.525861216433417411e+01 6.668054677024791488e+01 8.450125525285129413e+01 7.493200917589125254e+01 6.362237236126902218e+01 4.923461735941569373e+01 2.973414680736971860e+01 3.525806206113205121e+01 4.897028822402204895e+01 6.848747727276439434e+01 8.348747342996728094e+01 8.874399472836829261e+01 7.752812219712521369e+01 5.845464003484896409e+01 4.467690196093764854e+01 5.918004532652812344e+01 4.052513117646311969e+01 6.061024942729031295e+01 7.205903438840945796e+01 7.770141359946418902e+01 8.603160110376799707e+01 8.459817798386961840e+01 7.034438762917339716e+01 8.459817798386961840e+01 8.969336578586667486e+01 7.887894760383615278e+01 6.493889473518837008e+01 4.482193984684103327e+01 5.944331355252258930e+01 4.104498014897527014e+01 6.114365505382946964e+01 7.269063385929648291e+01 8.228210145087072647e+01 9.058732517700308051e+01
4.532006398560329075e+01 2.838869644599337505e+01 4.796831930890412110e+01 4.470329878401136625e+01 5.812448135027088369e+01 6.689676730354585743e+01 6.671942376658476803e+01 4.722916923141279710e+01 3.602091408813134876e+01 2.719622029256197138e+01 4.106581196154523639e+01 6.054212253870390015e+01 6.563242108339331082e+01 7.394528605803999710e+01 8.398748134598687898e+01 8.229189908162243228e+01 7.078861903933145072e+01 5.902739601704804784e+01 3.915591541322107361e+01 3.837807525902098860e+01 5.258005052512382349e+01 7.268621667762472782e+01 8.861532331704053433e+01 7.853591617613760434e+01 7.019016025489078459e+01 5.609274307475658361e+01 7.558396798322237942e+01 6.952630199073426809e+01 6.952630199073408335e+01 6.645160092665147999e+01 5.793111722511676476e+01 3.952959895189620454e+01 5.960920229864549924e+01 4.419033683193517703e+01 6.431444316948521589e+01 6.210913047557459521e+01 7.219981140751028192e+01
2.569639825830628510e+01 4.532022605589532560e+01 5.621426485924732930e+01 6.387682904377319204e+01 5.947058886105438802e+01 4.468419266638403542e+01 5.855802532166050867e+01 4.966783947916492536e+01 4.155885231896118626e+01 2.498665479886765795e+01 4.459869971785192178e+01 5.490606020055492564e+01 4.555901658906169871e+01 5.558387534383616213e+01 7.569237624529540653e+01 7.454473133931385576e+01 5.280107774524240227e+01 4.295159527307887259e+01 3.541848095039983946e+01 5.552252190015783384e+01 5.846900806574597453e+01 7.857915384643195011e+01 8.027386575143121661e+01 6.010645475835035967e+01 5.004380629076631237e+01 4.709783253436712869e+01 6.723739324829790576e+01 6.952630199073243489e+01 4.938180333072436667e+01 5.678580237315178891e+01 3.807343474521061921e+01 5.821747359698743196e+01 6.675929624807133678e+01 4.665737397992989344e+01 5.205080598315723250e+01 7.219561596493964828e+01 9.058732523070048614e+01
2.388846944529515071e+01 3.520235266380094430e+01 4.905531579597660397e+01 6.904082792385896994e+01 5.054057925901998516e+01 3.014262221671459585e+01 3.980489565339287594e+01 3.839794305116622297e+01 2.190179020147813205e+01 4.149870609976409241e+01 4.674994844634459668e+01 3.492699178678712002e+01 4.641810534383564857e+01 6.650082216099164611e+01 8.398747646109062259e+01 8.299113159370853054e+01 6.978222087930764417e+01 5.288252518240940958e+01 3.363772666441001746e+01 4.527109308388972408e+01 5.947390257696046234e+01 7.957623120719593146e+01 8.861532331704053433e+01 7.853591617613760434e+01 6.011698327282859111e+01 3.997158671998668922e+01 5.340221514690345828e+01 5.438513539407453123e+01 5.537190075017775115e+01 3.662697301100435254e+01 5.676325486634623729e+01 6.656416213378190605e+01 5.021922131655322374e+01 6.670263045492370679e+01 7.218265502499474451e+01 7.219561338225375380e+01 9.233474392630884608e+01
2.212005765181752182e+01 3.599266702316402444e+01 5.574094949483996686e+01 6.757192308302499839e+01 5.774737155062396710e+01 3.936630015127735760e+01 1.846585560108843538e+01 1.887341642857282054e+01 3.572282453894759868e+01 3.031426529333894848e+01 2.689290796024651797e+01 4.088188562620156574e+01 6.089935622742547849e+01 7.481399544873825391e+01 7.975670362390327739e+01 7.445877316333998408e+01 6.713637245609727700e+01 5.204088179765912514e+01 3.184274443962481271e+01 4.615392559562615560e+01 6.626665029640942350e+01 6.821563490800639329e+01 7.733219600571949570e+01 7.111894803545646937e+01 6.006967841335862346e+01 5.201241612329614838e+01 3.324544422667865007e+01 3.421842288127288612e+01 3.520131327370305030e+01 4.307229124697033029e+01 6.276492066705613126e+01 7.871864431328901901e+01 7.035985080682145565e+01 5.387340635369213260e+01 6.209510729373553062e+01 7.112779518283937819e+01 8.122920842273624942e+01
2.037772593845888025e+01 3.426618765752439799e+01 5.400790695511957296e+01 4.820010560626227658e+01 4.568982906764587426e+01 3.757599551236871349e+01 1.831699431144063794e+01 3.823794995158691279e+01 1.949292746088656614e+01 1.991387855301455900e+01 3.704311810042484154e+01 4.629269815580524750e+01 5.861438135693076390e+01 6.842112311665783864e+01 6.127532123234097838e+01 5.583606716720560570e+01 6.138513742543864993e+01 4.176778221339123576e+01 2.998170984637831182e+01 4.959855129792772743e+01 5.418675782916878347e+01 4.749285309488414697e+01 6.764840252880763671e+01 6.305324727702490861e+01 4.348489441684240120e+01 3.190754493930458580e+01 5.204470782147821950e+01 5.426541712877076407e+01 4.218854175937541839e+01 6.102587486562295283e+01 7.431360623277684851e+01 9.101781929287264461e+01 7.090275652032794085e+01 5.662926425400434738e+01 7.679543399783973712e+01 8.446810253776605748e+01 8.808743686097049874e+01
3.601154692707827110e+01 3.706027608273579688e+01 3.715869855204535810e+01 3.697006758938712778e+01 2.862268781154884678e+01 1.773806458412510523e+01 3.171748633879926516e+01 4.629042266123797589e+01 4.077575668541083331e+01 3.983626030443783606e+01 2.051277124650938077e+01 2.574743511942525487e+01 4.828659012917608351e+01 5.059464920714763991e+01 5.079274987262256502e+01 4.309832329709645649e+01 6.123319118888151280e+01 4.851338842925581218e+01 2.811373793850381375e+01 4.645487984569848550e+01 3.513662883458766117e+01 4.847441102615978537e+01 6.143128093339939966e+01 5.563145302341435894e+01 4.978194569835574157e+01 3.097171211928419510e+01 5.109323781728399183e+01 6.192077301544917844e+01 6.200417189430648790e+01 5.368661718313352083e+01 6.503406701835915271e+01 8.474871512991022371e+01 8.441612608536870255e+01 6.425475441353056283e+01 6.102656209178435631e+01 6.430354926453776443e+01 6.793583620013481550e+01
1.559780842093203646e+01 1.598071638917471304e+01 1.636682404179865458e+01 1.675614878555755283e+01 1.716130077338898374e+01 3.528720801758986170e+01 4.548062793591881103e+01 5.894541409018101774e+01 5.299279527864214145e+01 3.679824833673306017e+01 3.591327753053484884e+01 2.111387157229200895e+01 4.416057196232335968e+01 4.899699212541828786e+01 3.381717706073633423e+01 4.781302030218458299e+01 5.276675907385707376e+01 5.001449555370416533e+01 2.660212943406958175e+01 2.630382511080803098e+01 3.235487142644063141e+01 4.704057345361794518e+01 4.808723323834847463e+01 3.717003556193745339e+01 2.967917798125581541e+01 4.965913266666746750e+01 3.716387805497654995e+01 4.179117127214699678e+01 6.193029069863711555e+01 7.336635330803861166e+01 8.159791533602106028e+01 9.302814849985587387e+01 9.265713500248307355e+01 7.435793435290207753e+01 7.269266929274343170e+01 7.334255780982827844e+01 8.808743686097045611e+01
2.884641139960086065e+01 3.361440485177363513e+01 3.101114851796145544e+01 3.576105084331305051e+01 1.804596128404897115e+01 2.994562506660627932e+01 5.163933447762683215e+01 6.054348832018731486e+01 4.516496589583292121e+01 3.646503802159883634e+01 3.209331636785348962e+01 2.153970953153506684e+01 4.294180778658107300e+01 3.815595520584297873e+01 2.898044528601514003e+01 3.323959730103170074e+01 4.105323055518028497e+01 4.282377140260045678e+01 2.564161733206427130e+01 4.544328217850477358e+01 2.696455316411593373e+01 2.743444518747604022e+01 2.790885657238382933e+01 2.838513666609482300e+01 4.233298754852113888e+01 5.624884012145562906e+01 5.730959725584492759e+01 6.193029069863711555e+01 4.914218625338757107e+01 6.928564005383391589e+01 8.543841177485396088e+01 9.377777507409572877e+01 1.026653001636300360e+02 8.862639439969318289e+01 8.696171786468823939e+01 8.761472997154287157e+01 9.346885729434622192e+01
2.544253585451276578e+01 4.054925277852095178e+01 3.926078708062986777e+01 2.009195634538095376e+01 3.822731150033875736e+01 4.769062247549138078e+01 6.032302339128157342e+01 6.804519801577872329e+01 5.852790700216193898e+01 4.079467244095011580e+01 2.550720182140479153e+01 2.196630763663112873e+01 4.188973334242550095e+01 2.320499525877242419e+01 2.365170605622961730e+01 2.409977574085466046e+01 2.454885971970466230e+01 2.499932643270025068e+01 3.001463326498679152e+01 4.998063227758677129e+01 4.895963103497410174e+01 4.479514539166794407e+01 4.308237444637182278e+01 4.846347607614411146e+01 2.917035886482889140e+01 4.337268634794309463e+01 6.352122636545954748e+01 7.763254993627775491e+01 6.337828645656695414e+01 5.813832554096147476e+01 6.525926761000233967e+01 7.691085757904781417e+01 9.708726743847377350e+01 1.085978026163182903e+02 1.069429476902237042e+02 1.076019708729168229e+02 1.133549664404660007e+02
2.774783428411969410e+01 4.696157350895746418e+01 4.735493932844333642e+01 3.410418802345459710e+01 2.250922759792251426e+01 4.237321045427214017e+01 5.712739760751905038e+01 6.510982345814119299e+01 6.903871873854583896e+01 5.688828332166998081e+01 4.159188270049250491e+01 2.420638949679726437e+01 2.257281419747747719e+01 2.407577655584683995e+01 4.370918997372701398e+01 4.790775107322988902e+01 4.668469994929941436e+01 3.340095761996888513e+01 5.059530530762044975e+01 3.786124449427200034e+01 5.723925060549490951e+01 6.501604096046601455e+01 5.740020460728776186e+01 4.066194345103582464e+01 2.972470092387391105e+01 4.983039674798028784e+01 6.540527731802291100e+01 7.399608385197286964e+01 8.354725320310988934e+01 7.830400693609665552e+01 8.543841177485396088e+01 9.377777507409572877e+01 1.054142268524033028e+02 1.067700599974961904e+02 1.032939091470824025e+02 1.116179429709859221e+02 1.216838476164410849e+02
