MOVIE_S2_data/elevation_000249.asc
nrows	100
cellsize	150.0
xllcorner	0
ncols	100
yllcorner	0
NODATA_value	-9999
[rows 17 to 33 of 100, columns 37 to 73 of 100]
1.938038311846585060e+01 2.030152544414479365e+01 4.039503070528178341e+01 5.005987937454742820e+01 6.435376894147213989e+01 7.186559212588785783e+01 6.362277872522911082e+01 5.778351965335507856e+01 7.771999717075750880e+01 6.917874942009591166e+01 6.917874942009591166e+01 8.896762974386005851e+01 9.160947172081073120e+01 9.104675275494238917e+01 9.104675275494238917e+01 9.926114791490523714e+01 1.070457631276136112e+02 9.879876391471071884e+01 1.012955763770095103e+02 9.305781575742270206e+01 1.012956076445059352e+02 1.107073346188860796e+02 1.153721085730704772e+02 1.072557719865085630e+02 1.008509680041972700e+02 8.662626270523313110e+01 9.425913118833337023e+01 8.096636239707970617e+01 9.911374340343807887e+01 1.037061566171287552e+02 8.339449983759377005e+01 7.622831362855460213e+01 8.934364637118585506e+01 1.092239529140517504e+02 1.057181438949416759e+02 8.500218838957141543e+01 9.089320930534009335e+01
3.897864304275594804e+01 4.039500563924615761e+01 2.153679031591411785e+01 3.576597451893552204e+01 5.139151868112038812e+01 5.351702930753829435e+01 4.341127988984746366e+01 6.362277872522911082e+01 6.558965645977730219e+01 5.506592844176489621e+01 7.497477827483730550e+01 8.587106543718471130e+01 7.191628553008388280e+01 7.135268169699753571e+01 7.135268169699753571e+01 9.104675275494238917e+01 9.559019645640584883e+01 7.898547006846472129e+01 9.138227469737611841e+01 7.325657783674937207e+01 8.976151600546651821e+01 9.799229836470220789e+01 1.079023679744364017e+02 1.181410832740170207e+02 1.098346214546376274e+02 1.067057575675468684e+02 1.090388756445589422e+02 1.006987369652120634e+02 1.090388756445589422e+02 1.120792789218501895e+02 1.037061566171287552e+02 8.386807118423537588e+01 1.042022615936174788e+02 1.179999704832230805e+02 1.144875922154532475e+02 1.057095077295069672e+02 9.403860887953909753e+01
4.662740413872676015e+01 4.171250831713587104e+01 4.171255085004609242e+01 2.276898814966535411e+01 4.304672959491958295e+01 3.311716380155895223e+01 5.258900930168302779e+01 5.768474145266338127e+01 4.543599852249418802e+01 6.558965645977730219e+01 8.319191163650530996e+01 7.587266173007090231e+01 5.759130918788940789e+01 5.700415557877320794e+01 7.135268169699753571e+01 9.104675275494238917e+01 8.735955332106051685e+01 6.730583730093501060e+01 7.578153523687940663e+01 6.295811721844553688e+01 6.994855852235407667e+01 7.987261646554055972e+01 9.965041792036922175e+01 1.065976594422192107e+02 8.986560246458157053e+01 1.065976594422191255e+02 1.070694641122736499e+02 1.112864055775341541e+02 1.133013373526891456e+02 1.212903776124353499e+02 1.125800005228515630e+02 9.559981109570028934e+01 1.125800005228515630e+02 1.250674626825143321e+02 1.167997512361013150e+02 1.015325519693089973e+02 8.168302569550402836e+01
5.381197197373916907e+01 6.193781149994885027e+01 5.138249896768402181e+01 3.709918207763060849e+01 2.404978448466035346e+01 4.439406098686547608e+01 3.214103433473364646e+01 3.730117923858114892e+01 5.768474145266338127e+01 7.381658390493635125e+01 6.924571157624059481e+01 6.093761761010061662e+01 4.698645570522344883e+01 5.759130918788940789e+01 7.191628553008388280e+01 9.160947172081073120e+01 8.993184045527191017e+01 6.992028114575651898e+01 5.471013903238439013e+01 7.578153523687940663e+01 8.976151600546651821e+01 9.799229709850979475e+01 1.079023149542712900e+02 9.830550284670580652e+01 7.848972493870249423e+01 8.910879841942296764e+01 8.714217756862379360e+01 9.134609647491083706e+01 9.350598786165484455e+01 1.023008801252571374e+02 1.221952757833578289e+02 1.159534275085703996e+02 1.242945983747462151e+02 1.167997512361013150e+02 9.664692127361186635e+01 9.003157710079150888e+01 1.015325519693089973e+02
3.992246062265544282e+01 6.019335914991515324e+01 6.562480590685856896e+01 5.215182150771718028e+01 3.169104267567884747e+01 2.538793124222792130e+01 4.576768325874191135e+01 4.826458869251639072e+01 4.935691048075642584e+01 5.766540395831322030e+01 5.514223951823461789e+01 4.044180146506046469e+01 5.499604324889481433e+01 7.528184701477168517e+01 8.587106543714827467e+01 8.581615128045882557e+01 7.759258366617970637e+01 7.164633413133061879e+01 5.046667234600743512e+01 6.563749329641746044e+01 8.598360232086515964e+01 9.824068184448864827e+01 9.899312759377775706e+01 9.072810474426155736e+01 7.111730919431633424e+01 6.943726298270786401e+01 7.324581323564224533e+01 7.739967243994021828e+01 8.245302938403393966e+01 1.023342515642598158e+02 1.112820171458188838e+02 1.313701724296305713e+02 1.309975362380594390e+02 1.109188361326329328e+02 1.167997512361013150e+02 1.100821412486048985e+02 9.855375409981563450e+01
4.294724244943100899e+01 6.317591214030548485e+01 6.644836367165798663e+01 4.623317404560722821e+01 5.205412702934868463e+01 4.430838581944954058e+01 2.676168817046742987e+01 2.781105776537695107e+01 2.886812800297904502e+01 4.934967642896510398e+01 3.518735417087089701e+01 5.514223951823444025e+01 6.880761773874121445e+01 7.857344387875028247e+01 7.022999015443178905e+01 7.759240902174937560e+01 5.774884438575041656e+01 6.356080248770635421e+01 4.734819153616217591e+01 6.776719287103799161e+01 8.742916969910828584e+01 7.874642331777386062e+01 8.757548813154510015e+01 7.102562608276080880e+01 6.424292230108115120e+01 8.385135942872493331e+01 9.297874466661146187e+01 9.720023981528170509e+01 1.023342515642598158e+02 9.127420505871981504e+01 1.053944182643342344e+02 1.254959382153117815e+02 1.392160892323954329e+02 1.309975362380594390e+02 1.197343903753676813e+02 9.948833602360555517e+01 8.540494273564115701e+01
4.197999733013617174e+01 6.223313964353661731e+01 7.470799553629633749e+01 6.644836337814658123e+01 6.206937009156450813e+01 4.990037727177033844e+01 2.934062048243214704e+01 4.826849028568101829e+01 4.919871985805610848e+01 3.039422810327145186e+01 3.149641490156923496e+01 5.203229291701787673e+01 6.196069344770099718e+01 6.683870954608579495e+01 5.011872235671330600e+01 6.002667376818318701e+01 6.148061301627966913e+01 4.336853383117050242e+01 4.507364489737135216e+01 5.939757587160464425e+01 6.958646995839151828e+01 6.521252958395565713e+01 7.542971528747681020e+01 5.973707461801416940e+01 6.713185341824187446e+01 7.688492895463193122e+01 9.082614153151263281e+01 1.107865989984131119e+02 1.195920243028839849e+02 1.112820171458188838e+02 1.075939896140665439e+02 1.218122423284817586e+02 1.418865052792941412e+02 1.250677664662698589e+02 1.047787484964694471e+02 9.312193437415582764e+01 1.054182680509652670e+02
5.008905336900104288e+01 6.223313965286315863e+01 8.214595659396887584e+01 6.845854377837103755e+01 4.800998906978188785e+01 3.322346333310369459e+01 4.993858348334970998e+01 5.792465117699510557e+01 4.237305790359236823e+01 5.090676927349391434e+01 5.203229291701787673e+01 3.315591451588930738e+01 5.368384369353386631e+01 5.653559369133547818e+01 3.817632192588911977e+01 3.968795595359641482e+01 4.120480113489936258e+01 6.148300097732516178e+01 6.519923981829364834e+01 4.750471218370474702e+01 4.925271022798340681e+01 6.305655673937022243e+01 5.573160469946728313e+01 7.542971528747681020e+01 8.677867656130709406e+01 9.503216253254879575e+01 1.049572141423776088e+02 1.010292256765481085e+02 1.093488989312819371e+02 1.084877168977126018e+02 1.168084830023754535e+02 1.213700014989788230e+02 1.280753435951363883e+02 1.333645427298994832e+02 1.201272402528620944e+02 9.980720893371317004e+01 1.201272402528620944e+02
6.003306043248697677e+01 7.837927965164458044e+01 8.311905050198377864e+01 6.294744255877228056e+01 4.830002719056712834e+01 3.612291825366101250e+01 5.699259532597327649e+01 6.651274098826370107e+01 5.190120244761173751e+01 6.663162387423761857e+01 6.195724151686596315e+01 5.366893157828456395e+01 3.485003723154077448e+01 3.606659333755038688e+01 3.866946392078416039e+01 5.904230254482461504e+01 6.146993039142328996e+01 6.969688829232887883e+01 7.572473579628096729e+01 6.023679167490490727e+01 5.970385503977662012e+01 5.177267644790305923e+01 7.205099883352086465e+01 7.778285710098708705e+01 8.029808201441611004e+01 8.319709002730493808e+01 8.615998380710102822e+01 8.090276072913388816e+01 9.287702148311835515e+01 8.841942838711132424e+01 1.012764482508422361e+02 1.012764482508422361e+02 1.079593173066637632e+02 1.244914506028003700e+02 1.284442583905951665e+02 1.099935508639957504e+02 1.284442583905951665e+02
6.584669845419078626e+01 8.342534978344663443e+01 7.944088846226469514e+01 5.916470556143367077e+01 4.442419345557857469e+01 5.699259532597328359e+01 4.135908389246686312e+01 6.252857728840783125e+01 6.357722123927187141e+01 7.352556484527980274e+01 7.136918603621992929e+01 5.160571230381127350e+01 5.392294605021601939e+01 3.992204415333063139e+01 5.899909542464559564e+01 4.242217701470240598e+01 6.263871527189884603e+01 7.448320890666747118e+01 8.945462105278964771e+01 7.330122531968355304e+01 6.829475753108049219e+01 7.205735501277534638e+01 5.509035168821841211e+01 5.753496214933643671e+01 6.003517325984257269e+01 6.290403393708311341e+01 6.584740743514264238e+01 6.911782137065438292e+01 7.265635459590311029e+01 7.677996691982438904e+01 8.122693204404167489e+01 8.791071013919933819e+01 9.605917697363754826e+01 1.076521870678774633e+02 1.278036553433849178e+02 1.243788398307080314e+02 1.385352854142513479e+02
5.533903609712530880e+01 7.521749281943777987e+01 8.163186763865756745e+01 6.138882833332763767e+01 5.239226374367812156e+01 6.689393651944007502e+01 4.563951323871441446e+01 5.396686870478794162e+01 6.400886875932698672e+01 7.959987203923719790e+01 7.948054745128493437e+01 6.521885887045972652e+01 4.561190645557375234e+01 6.034610185011601402e+01 6.872735825633670004e+01 6.263877922178544111e+01 4.623715469550125334e+01 6.629058295638532172e+01 7.826116601187099775e+01 9.121612060360108387e+01 8.567463753973316898e+01 8.372065800468045893e+01 6.417373155136594676e+01 7.172161068498351710e+01 8.029808201441611004e+01 6.798310787392210841e+01 7.420580238485574398e+01 8.940920572132287703e+01 8.699304754306216125e+01 8.549389996753785681e+01 1.012764482508422361e+02 9.193171376050783294e+01 1.061118282770743235e+02 1.244914506028003700e+02 1.361088239707483751e+02 1.444615506385903814e+02 1.408258486305976760e+02
6.534003055892002010e+01 8.342534978344663443e+01 8.991924149183427062e+01 7.282716008486499959e+01 6.275451854185213563e+01 7.153178769439533369e+01 5.011616112181786065e+01 7.147507286990374098e+01 7.437171789167939551e+01 8.617818556754544090e+01 8.500923625280464080e+01 6.908645324757027595e+01 4.974887898624741212e+01 6.908645317739031100e+01 8.585921185799296040e+01 7.442504377306897823e+01 6.629777790825797013e+01 5.018351090468155462e+01 7.008976569150144087e+01 8.303289316858089819e+01 9.694703457602450669e+01 9.362645637664856224e+01 7.576080447199953483e+01 9.052422613745987690e+01 9.407766954177152741e+01 7.387527422220352946e+01 9.407766954177159846e+01 8.701870117016621009e+01 1.070821911698518676e+02 9.708694280815838340e+01 1.139008139079632258e+02 1.034989548334694121e+02 1.203295361174583036e+02 1.345472439578422268e+02 1.383892059695432408e+02 1.467254007833736296e+02 1.325289058831759235e+02
8.509495507995546859e+01 9.331653930899955185e+01 1.011640319434722528e+02 9.117499269306756560e+01 7.705050950832527690e+01 7.782702356918167652e+01 5.662799875477723077e+01 6.024251921222305128e+01 7.420810547345591601e+01 9.194878929103252574e+01 7.712664544450954907e+01 5.827072334824293875e+01 6.358147174027529047e+01 5.913131963497917098e+01 7.796555366909626628e+01 7.685098228695319733e+01 5.713881770366145219e+01 7.008976569150144087e+01 5.513132258512507633e+01 6.911875176113747443e+01 8.813264807791888700e+01 9.712780028765732254e+01 9.668732779647713471e+01 1.032796722095247901e+02 1.007847494375573092e+02 8.066350975020016278e+01 1.007847494375573092e+02 9.862321831915818393e+01 1.154399166066411624e+02 1.171855078288967320e+02 1.255006690868150940e+02 1.236299180398889206e+02 1.319409196182977553e+02 1.351836971594684371e+02 1.184541161423745592e+02 1.351836971594684371e+02 1.303440759695058375e+02
8.944906223203223306e+01 9.779238877130207186e+01 1.014356693557695337e+02 1.052994758778097264e+02 8.824755714404606977e+01 6.740648999431736854e+01 7.782702356918167652e+01 7.678166973265106776e+01 7.522098630074614789e+01 9.591705348800616093e+01 8.370652098721214429e+01 6.509582252477798647e+01 8.237665426309497718e+01 6.767088147072520599e+01 8.586165760929662838e+01 8.191777251257546766e+01 6.229417858272806541e+01 8.191777251257546766e+01 7.486852771745418522e+01 6.040041435159294991e+01 7.169648887004362336e+01 9.093276382292638971e+01 1.019607517747468819e+02 1.118389714552885863e+02 1.091058914426594413e+02 9.073686786926525372e+01 1.091058914426594413e+02 1.187289226750206268e+02 1.270417222566715338e+02 1.222110668254576069e+02 1.222110668254576069e+02 1.306507284093624435e+02 1.396575796231237518e+02 1.268796764915079223e+02 1.069151710287107591e+02 1.268796764915079223e+02 1.289189692036837016e+02
6.921646145157826879e+01 8.492050678521287921e+01 8.120880869728199514e+01 1.014356693557695337e+02 9.665770705825809728e+01 7.799901925511568379e+01 9.665770705825809728e+01 1.012524814052139703e+02 9.631643833929929599e+01 1.048815521658296035e+02 9.164704082881364400e+01 7.437813779999019914e+01 9.164704082881364400e+01 7.834695348583881014e+01 9.427444218070768045e+01 8.757505750841372105e+01 6.797764741703593927e+01 8.757505750841372105e+01 8.816766869516450811e+01 7.022078191612983744e+01 6.679932877179251705e+01 7.416905760661494185e+01 8.389914696664249050e+01 1.036076362258952770e+02 1.191522440288714790e+02 1.108326310058495068e+02 1.191522440288714790e+02 1.189244066357211693e+02 1.104978073160297640e+02 1.019083690389651053e+02 1.019083690389651053e+02 1.222110668254576069e+02 1.313410873693662495e+02 1.113879842177601489e+02 9.977567527949878468e+01 1.116376238848807674e+02 1.089265399629537541e+02
5.745909658336994141e+01 6.468949725001938589e+01 7.899449111436305770e+01 9.922717418843518544e+01 1.068624822722180880e+02 9.849609503297654101e+01 1.068624822722180880e+02 1.128966415980662248e+02 1.045906188635426588e+02 1.109200223535481200e+02 1.010917175102650418e+02 9.303490417443403260e+01 1.010917175102650418e+02 9.715014765003407149e+01 1.052627839569567385e+02 9.412229845929225291e+01 7.448057560665667154e+01 9.412229845929225291e+01 9.798314700225087392e+01 8.402319392075406768e+01 7.268375857459110989e+01 9.225160180742649629e+01 1.019607517747468819e+02 1.118389714552885863e+02 1.249126571271073374e+02 1.164025824484481433e+02 1.215615940116128399e+02 1.071653483978110160e+02 9.012071409717033532e+01 8.745791664183921910e+01 1.019083690389651053e+02 1.222110668254576069e+02 1.244226931747851239e+02 1.257854660853132600e+02 1.057773957671471408e+02 9.145124391302334743e+01 9.464531843729974980e+01
7.058756623651336781e+01 8.492050667050526158e+01 8.769957664825376753e+01 8.769957660703428814e+01 9.601259857383335827e+01 1.114447315626418913e+02 1.031344098751913521e+02 1.012653059994699589e+02 8.440580435443567353e+01 9.077411336402673214e+01 1.049960982127893487e+02 1.066747766128946893e+02 9.835450887939437337e+01 1.009674809042633541e+02 1.092839026403909912e+02 1.023522926564684923e+02 8.423343749859814977e+01 1.023522926564684923e+02 1.119431000837478365e+02 1.004568163711291930e+02 8.240757161235022465e+01 8.647086218770103017e+01 1.062075417979150984e+02 1.192827902158094560e+02 1.106701794682148119e+02 9.593449750027392042e+01 1.045853283142464676e+02 9.276910048001271036e+01 7.826310830277567732e+01 9.873308706081911623e+01 1.162795487241638028e+02 1.116902703746007290e+02 1.042909650843644584e+02 1.185081671778799688e+02 1.199352552912410061e+02 1.047137526762355719e+02 8.434891809433908350e+01
