MOVIE_S2_data/elevation_000286.asc
nrows	100
cellsize	150.0
xllcorner	0
ncols	100
yllcorner	0
NODATA_value	-9999
[rows 0 to 16 of 100, columns 37 to 73 of 100]
1.208883133997390615e+02 1.127174422014023634e+02 1.046472777356734269e+02 1.124975916713641766e+02 1.054252597444475157e+02 1.054252597443296935e+02 1.135547364882227015e+02 1.019052013093412228e+02 9.374388220597172960e+01 9.678980609073788344e+01 9.678980609073788344e+01 1.049438946014509071e+02 1.077829483952565965e+02 9.967310842739422583e+01 1.022243543852502512e+02 1.103276316124842680e+02 1.095556587191760940e+02 1.014542002721474176e+02 1.095556587191760940e+02 1.086803732992666482e+02 1.029604327833566231e+02 1.029604327833566231e+02 1.110590968342063718e+02 1.191990570670850360e+02 1.108421893179018412e+02 1.108421893179018412e+02 1.084702795035634608e+02 1.084702795035634608e+02 1.168391753339653434e+02 1.202552744513038334e+02 1.119914597232262992e+02 1.173411242518327100e+02 1.090729671735106621e+02 1.064662612041435210e+02 1.135713353830994095e+02 1.218260010571720926e+02 1.317918019532401388e+02
1.009594016222460908e+02 1.046472777356808450e+02 8.492397766014919114e+01 9.325675438450542742e+01 8.563722856789333093e+01 8.563722856789334514e+01 1.054252597443296935e+02 9.043661324587293393e+01 7.381301248367009293e+01 7.689141185062337058e+01 7.689141185062335637e+01 9.678980609073788344e+01 9.638078134705010314e+01 7.985347575075360282e+01 8.243368258884824229e+01 1.022243543852502512e+02 9.975811170008847739e+01 8.184401097441273976e+01 9.975811170008847739e+01 8.909837293310158657e+01 8.335651974069836001e+01 8.335651974069836001e+01 1.029604327833566231e+02 1.108421893179018412e+02 9.063048800285709206e+01 9.063048800285709206e+01 8.824059298222086056e+01 8.824059298222086056e+01 1.084702795035634608e+02 1.086509059886164152e+02 9.183048943804176645e+01 1.045314498560622809e+02 8.884896065487598094e+01 8.618595280224876376e+01 9.347515085200674889e+01 1.036042603789812375e+02 1.235384103872176240e+02
1.009594016222293504e+02 1.124975916718100279e+02 9.325675438450544164e+01 7.338855482445275413e+01 7.151281864746486860e+01 9.143300871314069411e+01 9.862091415466966282e+01 8.149856686502775460e+01 6.217202885017733394e+01 6.266039414300899324e+01 7.689141185062337058e+01 9.678980609073788344e+01 8.823023806642784450e+01 6.825400673440135790e+01 8.823023806642784450e+01 1.010446574711067882e+02 9.164910562328007870e+01 7.189111836674696576e+01 9.164910562328007870e+01 8.909837293310157236e+01 6.929344870147770052e+01 8.909837293310157236e+01 1.000659183568297124e+02 1.113713450543361745e+02 9.655035825871667043e+01 7.626925672572352255e+01 7.387226475122625402e+01 9.416141661379015204e+01 1.072088457476074836e+02 9.955798280295130098e+01 7.989654875781788235e+01 8.417160679876322149e+01 7.685725905044047579e+01 9.148595454708829777e+01 1.116662681874681340e+02 1.218260010571720926e+02 1.317918019532401388e+02
8.908061046368067082e+01 1.090443950383434526e+02 1.014485370300125453e+02 8.439015797415532916e+01 6.441102067624004235e+01 8.439015797415532916e+01 7.876077107885610928e+01 7.326355558476885221e+01 5.309771832307052364e+01 7.326355558476885221e+01 8.104181351394626631e+01 8.946544959525371610e+01 8.220717772390865719e+01 6.213320414505220413e+01 7.298375196936403597e+01 9.290658262954998747e+01 8.506310987110234123e+01 6.514681544005583191e+01 7.657147533946044859e+01 7.627972993576968008e+01 6.316401854792162851e+01 7.220792334052151773e+01 8.367881832100704287e+01 1.032738489224933289e+02 1.049147725349712061e+02 8.698975530944173329e+01 6.675349536381347093e+01 7.842693415897470288e+01 9.877541039413549129e+01 9.120377774195279130e+01 7.050609299837230992e+01 6.940985671447144512e+01 8.417160679876430152e+01 1.045314498766761773e+02 1.096475430112800211e+02 1.096475430112800211e+02 1.179101030211741232e+02
8.911861768919391125e+01 9.530188895724548104e+01 9.409661209648403712e+01 7.420391740529127844e+01 6.000880221499208034e+01 7.425062897888561508e+01 7.063822591810908591e+01 5.868587589281592187e+01 4.824706856685234868e+01 6.604434277271481335e+01 5.983218699040298105e+01 8.104181351394626631e+01 7.663965920297478362e+01 5.646135070394570477e+01 7.079647387063381814e+01 9.074635647977194708e+01 9.057897688087977883e+01 7.076637518546175443e+01 5.642130241865952911e+01 5.612229445475319523e+01 7.627972993576966587e+01 7.887316959511325365e+01 9.858976460039843914e+01 1.001275096904956143e+02 9.177816889618898699e+01 8.267155357041032460e+01 6.252306466826259879e+01 8.208165145948636621e+01 9.697041575118161916e+01 8.388432665476868522e+01 6.304268804755521671e+01 8.388604112391034562e+01 9.849625014142885959e+01 1.037369328201712619e+02 8.956376261916844328e+01 8.956376261916844328e+01 1.096475430112800211e+02
7.524823802469664713e+01 7.524823802384329952e+01 9.512719136836878420e+01 8.577955289696181751e+01 6.581087091425770552e+01 5.413761995291687157e+01 5.041822832462904813e+01 4.682388833219213353e+01 4.345034323209797122e+01 4.618350722750968629e+01 6.604433670427985703e+01 7.441659052855888490e+01 6.615040401335197373e+01 5.185519949227735026e+01 7.209127313832210859e+01 8.487910771025475754e+01 7.666529592063899656e+01 7.136520962320652472e+01 5.107375190796177122e+01 5.148952478918566555e+01 5.878916095094135841e+01 7.308194276214184981e+01 9.285442795805175820e+01 9.177816889618898699e+01 7.162745141603377874e+01 7.752945992019689925e+01 5.858110782403151973e+01 6.995015105127860977e+01 8.982675929354000743e+01 8.025769963575407928e+01 5.934979488738152753e+01 7.422517768307881170e+01 9.482149594921602898e+01 9.544616570415657009e+01 7.525559635106212397e+01 8.871597593135072657e+01 1.088084243506406068e+02
5.503295416890583169e+01 6.675343706943615985e+01 8.685235191798994947e+01 9.396118474692336520e+01 8.246886724871653485e+01 7.425062897888561508e+01 7.063822591810908591e+01 6.717052493924221324e+01 6.009813002408159832e+01 3.955958446583994004e+01 5.660141581633367736e+01 6.492952793785754295e+01 4.574166092272177764e+01 6.615040401335197373e+01 8.035603333255049563e+01 7.666583089960919040e+01 5.644992385163656934e+01 6.235447219469133984e+01 4.599581006893937740e+01 6.057152562457665113e+01 7.887316959511252890e+01 7.887316959511325365e+01 9.858976460039843914e+01 8.989476614442065738e+01 7.752945992019689925e+01 5.752229856514600925e+01 5.491639698395304237e+01 6.889954779869736967e+01 8.853172335602590692e+01 7.682047874963436129e+01 5.583320544352488213e+01 7.076672194761771095e+01 9.143554052437133350e+01 8.871597592699798440e+01 6.853691306895393609e+01 8.281882837169104050e+01 1.029529656557087094e+02
5.150643540509569362e+01 6.588981407420526182e+01 8.600476032396436210e+01 8.583497620890673829e+01 7.758959214162779006e+01 8.583497620887450807e+01 8.256477236153851607e+01 7.433794771820581104e+01 6.840238224295204361e+01 5.660141581633367736e+01 3.592724966279372723e+01 5.660137464364574100e+01 4.170609162459045649e+01 6.222317393622630988e+01 8.033916678193654093e+01 6.683135468673420121e+01 5.853346922773337013e+01 4.177365822212588853e+01 6.235575791690916958e+01 7.467758099651916837e+01 8.892572055126512964e+01 8.917806411172531966e+01 9.513000396849363938e+01 8.154565107163688253e+01 6.149164232290343790e+01 5.001014605521528722e+01 6.996746372222453658e+01 8.322805261130676513e+01 8.931523644140392548e+01 7.354283250419956630e+01 5.246323033488462073e+01 6.746846036202101971e+01 8.820766411399262097e+01 8.350576412989263986e+01 6.333193936734003415e+01 8.350576412989263986e+01 8.838340250481387272e+01
4.815362511295679582e+01 6.415609623075407342e+01 7.248810239858995885e+01 7.578708790275237561e+01 5.741525637752608446e+01 7.578708790275211982e+01 7.433794771820581104e+01 5.409956647983088374e+01 6.002725110431227051e+01 5.419807990677809784e+01 3.342235359305048803e+01 3.623307776286799253e+01 5.692622670911985949e+01 7.051636468704973026e+01 6.990961418641585112e+01 5.252885239145702201e+01 3.795482860640777290e+01 5.853346922773337013e+01 7.062072256896891531e+01 8.295582504563166992e+01 8.296224849720114491e+01 6.860622652865434645e+01 7.463157823109477818e+01 7.792035238856696822e+01 6.699238876752596639e+01 4.698247026465540443e+01 6.112007222056519851e+01 8.116941501999060904e+01 7.465022015795457833e+01 5.998520148755328307e+01 4.923771624456004048e+01 6.430508051198236785e+01 8.511609100690100149e+01 7.875074790247968792e+01 5.853109597483723547e+01 7.243230083614108139e+01 7.623352836879139716e+01
5.823729762636492069e+01 4.372022749799740637e+01 6.006892249982337972e+01 6.750242425957685555e+01 4.714396820024627743e+01 6.300096680643351732e+01 7.159970706819316888e+01 6.002714895563378406e+01 3.944345849962897432e+01 4.902536370476727967e+01 3.096420325825007325e+01 5.181443607225287451e+01 6.427706568748301663e+01 5.918703909346548642e+01 5.239580116377938168e+01 5.568260659756507636e+01 3.551482419058678630e+01 5.261551431296484083e+01 6.148055051104275037e+01 6.256509105021698502e+01 6.263479863639373235e+01 5.384895865668221404e+01 7.179905275625969807e+01 5.698684023954200484e+01 6.412905732196023223e+01 4.404962373060894976e+01 6.015591977198386786e+01 6.847651602051942632e+01 6.610461048336470924e+01 4.489857056866079432e+01 6.501596350334023100e+01 7.521791757710774107e+01 8.530577545085797908e+01 8.655595118774571972e+01 7.246877924709892227e+01 5.194943959302545267e+01 6.651082292039497190e+01
7.248810442308500512e+01 5.413635139947454178e+01 3.951478711586049286e+01 5.611378993975800000e+01 3.975365609098959396e+01 4.234081907019996294e+01 5.942502507275676749e+01 6.343613219628107913e+01 4.301894072223733190e+01 2.815067225362360759e+01 4.894576715551644952e+01 5.958346737250793268e+01 5.552308887207023247e+01 4.129259131605493849e+01 3.952496709266652175e+01 4.812646969603854785e+01 5.002514318867599030e+01 3.209556248862478611e+01 5.220883208196200798e+01 6.251218370642376243e+01 4.158281740158496831e+01 5.386908732016296142e+01 5.453938561379122518e+01 4.385720735300874651e+01 6.022475074883328006e+01 5.700660573262265984e+01 3.994422163117882718e+01 5.917845106106469188e+01 5.941901406122297402e+01 4.205829449137830522e+01 5.570676571627851104e+01 5.927231410759431185e+01 7.310090535640802045e+01 6.346320613795997190e+01 6.469816785662717962e+01 6.537346325661056312e+01 4.562559440945428690e+01
8.300990661898184442e+01 6.759851174160570508e+01 4.748244892604359535e+01 3.541512449573728105e+01 3.267068622110019049e+01 3.016694110278782404e+01 4.765517102863711330e+01 5.586209342808297151e+01 4.705730363858268817e+01 2.630923438767009515e+01 4.527598529994593690e+01 4.647725956503628453e+01 4.715841770193036808e+01 2.715953186942767772e+01 2.776721939185015131e+01 2.837876691349607938e+01 2.899541511945886541e+01 2.961850267838905282e+01 5.059709409292315030e+01 5.224417853288589697e+01 3.712256424071971850e+01 3.288883196751728377e+01 3.359909162854467013e+01 3.431395808994066954e+01 5.141588454986934664e+01 3.634736055747885786e+01 3.706317814584385673e+01 3.779391243918370691e+01 3.853113348040131569e+01 3.926284914277100313e+01 4.001532070856074341e+01 6.088311971850176718e+01 6.272159577909393846e+01 4.294436734944428480e+01 4.372178515419243894e+01 4.450305269548559295e+01 6.480456683331520651e+01
8.073011766803250566e+01 7.571456150013267461e+01 6.383275630579302629e+01 5.554653835545069995e+01 5.346387019980134880e+01 4.765517103748548067e+01 2.679912374225849447e+01 4.751446865038937517e+01 3.487071562093931476e+01 2.450291783061647877e+01 2.510183443039390738e+01 2.570219816339411167e+01 2.630350560438885310e+01 4.696894417701950175e+01 4.964773434049141088e+01 4.333729760601642056e+01 5.003091249438450205e+01 4.939211557463387692e+01 3.054624105925391575e+01 3.121799928961516457e+01 3.189985093786204118e+01 5.292170397191905806e+01 5.453977503802409643e+01 4.512383939294097246e+01 3.532689572485199392e+01 5.622480480147888926e+01 5.045635211597445391e+01 4.144824117961330501e+01 5.887517738926367628e+01 6.014035910125028295e+01 6.033850152849596071e+01 4.107543737517130467e+01 4.184858455597250071e+01 5.706992192985155299e+01 6.415454585277721833e+01 5.207214827553717384e+01 7.026616753631357426e+01
7.136852445411851420e+01 6.179334405180914302e+01 5.261967269674616432e+01 6.129007271836054827e+01 6.085494920740957525e+01 4.528891760089267393e+01 2.454604210560797029e+01 4.365391328620624734e+01 2.370056000057637036e+01 4.447882111823733453e+01 3.991954604363834136e+01 4.657767930646640053e+01 3.436038260601118566e+01 4.298046865231577840e+01 6.348966676055184877e+01 6.431097857140521512e+01 5.852737871366375089e+01 3.765332536775022731e+01 5.143319144308751589e+01 5.083158779516885062e+01 3.734052822645284664e+01 5.748368384044100310e+01 6.245445871264337256e+01 4.097100082027266410e+01 5.678817984687724163e+01 6.411481325458643710e+01 4.624877151946081000e+01 5.987372912365353272e+01 6.805476922994276379e+01 6.610419299365712220e+01 4.528613334657243428e+01 6.194459844935455806e+01 6.272159719413334500e+01 6.093624310272797118e+01 6.300070286707698131e+01 7.305623675147090523e+01 7.288742162682912351e+01
5.514231525560391134e+01 4.597377716725532792e+01 3.320426230450215144e+01 5.141826560612178554e+01 4.962798010544109673e+01 3.469778203945179484e+01 2.234281082910552385e+01 2.290120356556335324e+01 4.363684265078460101e+01 5.291730486680528855e+01 6.088681594583438539e+01 6.238580023862561319e+01 4.531647391667687685e+01 6.224307706603617163e+01 7.227415789419745806e+01 6.005956133810859399e+01 4.540868914858127425e+01 5.852738257188972426e+01 6.569476141669552760e+01 4.626983613899283654e+01 4.923937864525067454e+01 6.633334760117499229e+01 6.664487651312808225e+01 4.502557349752397187e+01 6.670526782616484240e+01 7.297398515488737303e+01 6.468270360933306051e+01 5.101590975556678842e+01 7.007280782522150275e+01 7.448987958787488139e+01 6.610419430286626152e+01 4.975152415052032495e+01 7.041053440402990304e+01 7.867719975745451677e+01 7.931600059846229556e+01 7.934568519360270500e+01 8.115251362103403210e+01
4.492803276031371240e+01 2.761725502327222515e+01 2.647657307416307404e+01 4.063592319131952024e+01 4.149866282570697251e+01 2.157834831794707142e+01 4.228833248294868241e+01 3.642028606043351857e+01 2.927059873395993606e+01 4.998361764315242084e+01 6.304441783323247250e+01 6.964076177476600549e+01 6.700866800091830555e+01 7.644894283457698236e+01 8.905505285343608080e+01 7.201503938381733860e+01 5.143078571787833653e+01 7.201503938381733860e+01 7.259420598630921972e+01 5.295770944627567900e+01 7.066718759462636967e+01 8.050756514942597164e+01 7.127659648802243453e+01 4.935327512663315730e+01 7.126560863907360499e+01 8.746547103666243572e+01 7.415060908676223050e+01 5.459415923258838177e+01 7.415060908676223050e+01 8.474704680554886238e+01 6.447216927901354211e+01 7.041053440298594523e+01 5.459299559099466848e+01 6.649761431061392614e+01 8.670640480625675650e+01 9.719196369789958112e+01 8.610694759050120695e+01
3.863345602254663191e+01 1.934844080410265477e+01 1.981237493180611153e+01 2.027852275193503928e+01 2.081636903171554920e+01 4.149849546092720232e+01 3.850667836599640736e+01 5.483571715698236915e+01 4.400907251448541047e+01 3.647785528789481191e+01 4.279557953243172363e+01 4.967996583060185145e+01 5.869121200649613002e+01 6.993249369531656612e+01 8.890445590046130064e+01 7.885760528810250491e+01 5.832990757694432915e+01 7.885760528810250491e+01 8.092071600794797348e+01 6.264532658712919044e+01 8.104029456618911809e+01 9.271807972869514458e+01 7.126702718181989837e+01 7.124766045450820684e+01 5.676237952021634925e+01 7.886539796771138811e+01 7.861159465934318291e+01 5.866145837125156248e+01 7.861156985245997930e+01 9.305871818076587942e+01 8.474704680461837825e+01 7.847186016698340438e+01 5.816192271154451987e+01 7.847186016788944585e+01 9.501071734655698720e+01 1.003325487865799204e+02 8.021451064217461635e+01
