MOVIE_S2_data/elevation_000761.asc
nrows	100
cellsize	150.0
xllcorner	0
ncols	100
yllcorner	0
NODATA_value	-9999
[rows 34 to 50 of 100, columns 0 to 36 of 100]
2.978181695229736945e-03 2.920278011653114625e+00 5.869117134751069997e+00 8.919088541403541015e+00 1.220707177009728461e+01 1.579927682920325083e+01 3.583703008633700193e+01 4.814955847030064007e+01 5.574988617310143013e+01 6.404798813714970152e+01 7.193917572353339551e+01 6.715694330473210982e+01 7.544097243882460191e+01 7.910773612479829353e+01 7.761538193967325583e+01 6.108279542952165286e+01 7.761538193967766119e+01 7.224951044773428066e+01 5.235622247866439949e+01 3.841703636282812084e+01 4.978295204099918436e+01 6.965728052478495158e+01 7.163552789187727399e+01 5.452969119663362108e+01 3.486751092879070058e+01 3.207441394014944080e+01 4.647364923635179679e+01 3.099917748798347006e+01 5.066680056637913765e+01 5.807911951153747765e+01 6.317059899880694473e+01 6.866872147355206835e+01 7.530630146094505051e+01 8.362975700261368672e+01 9.364899549128087131e+01 1.035599377613720122e+02 8.883806458462964883e+01
1.893497408783086870e-03 1.998564765572800894e+01 2.569910312246744510e+01 2.044062389505907973e+01 2.570365918679777195e+01 3.524934679280873695e+01 2.197770186064027698e+01 2.802906180448763251e+01 3.564130811994181869e+01 4.727135494163575657e+01 6.733177685464208651e+01 8.089361252832155458e+01 7.283564006033745386e+01 7.283564006033745386e+01 6.950483874328871536e+01 4.932274053387859425e+01 6.950483874328871536e+01 6.780123602825236162e+01 4.794826479316056833e+01 3.400520875246187558e+01 5.376306544121748487e+01 6.681457952921029175e+01 7.086176543607503220e+01 5.196796972667334558e+01 4.674895556164555188e+01 2.698071823392590574e+01 2.662194044054297848e+01 3.038818754423466828e+01 3.438385012574103428e+01 3.845404911469046283e+01 4.345139198108067546e+01 4.884496010558978440e+01 5.539356149876629587e+01 6.531030958063371372e+01 8.530229334125630203e+01 9.321392166687290626e+01 7.429698520662680039e+01
9.179827644033159914e-03 1.000917984602297572e+01 2.415131835831875051e+01 3.446511203966958448e+01 4.444619729461559388e+01 4.987932638042922662e+01 3.096390199681099986e+01 3.839590924647415449e+01 4.814956081958578693e+01 6.404799094939338033e+01 7.562225263609821013e+01 7.283564006033745386e+01 5.280639720499105039e+01 5.280639720499105749e+01 6.236938949206528093e+01 4.204225981057730621e+01 6.236938949206528093e+01 6.116499556616678035e+01 4.135901929274012190e+01 2.992342469446730391e+01 3.872384617403847074e+01 5.115996937378612586e+01 5.941529885196421645e+01 5.195874542502390625e+01 3.326374995222000308e+01 2.319667935796829283e+01 4.325327682362156878e+01 4.022857274457641097e+01 5.398701124749533875e+01 5.807912186694871792e+01 5.079226552522352733e+01 6.282002038887677031e+01 7.530630146094505051e+01 8.362975700261368672e+01 9.364899549128087131e+01 8.463013390689528137e+01 6.428973172524149504e+01
6.604900230173384179e-03 2.000660490022981719e+01 3.829351859855314899e+01 5.243561721603742143e+01 6.273108511734942994e+01 5.938195346822698184e+01 4.259168389464947779e+01 5.848867498026384482e+01 6.678683835585491124e+01 7.650983868929891685e+01 7.461662384155981442e+01 6.689377151356967488e+01 5.867282550024687282e+01 3.825300580407498785e+01 4.846291635712433532e+01 3.571556343712435222e+01 5.624052929011326540e+01 6.944509574577639910e+01 5.797900294815994471e+01 4.452854574965667211e+01 2.459501623528329617e+01 3.130024941524158777e+01 4.793737797578311444e+01 5.285057114313886473e+01 3.299875559532412694e+01 2.121673073104742713e+01 3.146969395789781387e+01 5.126312716785265877e+01 5.625683306446570953e+01 7.613304167774941789e+01 6.218384006580783563e+01 7.892658810102162192e+01 9.112882340589753483e+01 8.886698688518291078e+01 9.719020903575146519e+01 8.781125926583960961e+01 7.375773161076783424e+01
5.101467937297931264e-03 2.000510146793694233e+01 3.180933024312209767e+01 3.888039904332491403e+01 4.716479824225039152e+01 5.871204292230014943e+01 6.267180843689951075e+01 7.096555310965821661e+01 8.399608887526396472e+01 7.478090848425718207e+01 6.359131906878344154e+01 4.761046489090780653e+01 6.359131483680456398e+01 4.846291635712433532e+01 2.761566242949462691e+01 4.846291635712433532e+01 6.428892481603625697e+01 7.305762372543553340e+01 6.542755274972114421e+01 5.276921285162439546e+01 3.969395470970459172e+01 1.964687635733077187e+01 3.969395470970459172e+01 4.518584574609035798e+01 3.694216404953015598e+01 1.926964172971470290e+01 3.952579128446318180e+01 5.126312716785265877e+01 7.108721340811719358e+01 8.445365540777274305e+01 8.213938817468167031e+01 9.047737562371624165e+01 8.561143319657901429e+01 6.882811638371289575e+01 8.561143319657901429e+01 7.925543591938708232e+01 5.905522108919589641e+01
5.600358222118538565e-03 5.779103050118401086e+00 1.180932994167372740e+01 1.888039775353932725e+01 3.042740313739022184e+01 5.042740832643181648e+01 6.638914759353845341e+01 6.489607313945329281e+01 6.489606055385210936e+01 6.682170277336554420e+01 4.767642906185613327e+01 3.595853216453452461e+01 4.721939789009238808e+01 3.885811846201522712e+01 2.334689925391829846e+01 3.988556960836707788e+01 5.941147906917377952e+01 6.300683613608224931e+01 3.939271844322448857e+01 4.434629329434986289e+01 3.656312706853299233e+01 1.655672717518226023e+01 3.656312706853677952e+01 3.456816134422326314e+01 1.679882384665964068e+01 1.697796146905208658e+01 4.150452597124790799e+01 5.480343544777558407e+01 6.178634963623565568e+01 7.009740021667329302e+01 8.162988243843980740e+01 8.821927749339469926e+01 7.729753960690311487e+01 5.730170839272114591e+01 7.729753956978059648e+01 8.781125696098786193e+01 7.764446008182184755e+01
4.575904209876861112e-03 2.000457590420952059e+01 3.180933024312209767e+01 3.888039904332485719e+01 4.716479279210584252e+01 5.718633568215773977e+01 4.692463559767269032e+01 4.546555572804084733e+01 6.489607313945329281e+01 5.902143940131715283e+01 3.937130424775403981e+01 2.742771303845113096e+01 3.872899277811730911e+01 1.774334725302687588e+01 3.858691716476450040e+01 4.984363324607885914e+01 5.074313689580421283e+01 4.743692271298134955e+01 3.496508582527303588e+01 1.964170403949325916e+01 3.220034301124685072e+01 1.367209801361699384e+01 3.226457177357566763e+01 1.455280725248531226e+01 3.456816134422326314e+01 4.150452597124790799e+01 2.860005285128374197e+01 3.509055063483076253e+01 4.205076024517190802e+01 5.338118552204521450e+01 7.326801733919594994e+01 7.990557059995155953e+01 5.989726224010269817e+01 5.025067439252175205e+01 6.781123062222199849e+01 7.611439197006129120e+01 7.763783683904243560e+01
4.658155261040713979e-03 1.155166353905435805e+01 2.569379916402324326e+01 4.569380161897738191e+01 5.147978117240316465e+01 3.783180739693352024e+01 3.328605500226268532e+01 5.261002142758244560e+01 5.075812372774642967e+01 4.158491997467409362e+01 4.547937579371730266e+01 3.941421083848882034e+01 1.869791332659105620e+01 1.402460424328413069e+01 2.746161873611056592e+01 4.112374319976439097e+01 4.020323484860561791e+01 2.508108562051610946e+01 2.211783845777307889e+01 1.174112066710471147e+01 1.981877364238914652e+01 1.086160683901767676e+01 1.238978484572254324e+01 3.226456983134144707e+01 2.872867530899363331e+01 4.866592815532494143e+01 4.277932166113679102e+01 4.493715457629284771e+01 6.178634963623565568e+01 7.001346525992683212e+01 7.041620594380155751e+01 7.791119002635149116e+01 6.356885523332978494e+01 4.361144740808244080e+01 4.784104767797813196e+01 6.457185654263203389e+01 6.915082087184376292e+01
5.330849696878311485e-03 1.998862299478247806e+01 2.787107057932244203e+01 3.206380420956492117e+01 3.640436735949032965e+01 2.472569922666456677e+01 4.350061852024608555e+01 4.138609881176857641e+01 3.841969424665202126e+01 1.810728745134817430e+01 2.557640483452452074e+01 3.548579746672733393e+01 2.787815783602911424e+01 1.035360080812162487e+01 3.160810154906385705e+01 4.270589865820213049e+01 3.177419474300331714e+01 1.118656103206750352e+01 7.183910335679626336e+00 7.534089725252249181e+00 8.920081286447883784e+00 2.917899636006825403e+01 2.309545236349152120e+01 4.045097887233615808e+01 4.866592802264609219e+01 5.691119963070241283e+01 6.253627201974360617e+01 6.471250202028056719e+01 7.299608194059220523e+01 6.765156596097961028e+01 5.263546443260221253e+01 6.765156596097961028e+01 7.186755126752019862e+01 5.628144024958182001e+01 3.635253544925062386e+01 5.628144017451325709e+01 6.905009539218198711e+01
9.384206039104543359e-03 1.333550196619949446e+01 1.018532796497588677e+01 1.426146154404642274e+01 1.836988235428045257e+01 3.291106513477032536e+01 2.610481079975421181e+01 1.757588441073983176e+01 2.369708770824353294e+01 5.583687165900022897e+00 2.176356728959955689e+01 2.742002981252808880e+01 9.174303829188772852e+00 7.420414401125955628e+00 2.855199861577909459e+01 2.867037749624476106e+01 1.783754354939907216e+01 6.688956131007685713e+00 2.400443729319523811e+01 2.755442757378036944e+01 8.046743293544212250e+00 1.245039636618028922e+01 3.897918762476086840e+01 4.239148174670143732e+01 6.193479226960606354e+01 6.958611502535143245e+01 6.112126577074976552e+01 6.958611502067665811e+01 7.161998896926426994e+01 6.016594843887408928e+01 4.239261997239656665e+01 6.016594163727406652e+01 7.008170057913791595e+01 5.186927547475779221e+01 3.210315743727396409e+01 5.203258347273010997e+01 6.877648070626052856e+01
9.768314284573654735e-03 4.329234747943050188e+00 2.034804537172730932e+01 2.321369800441281939e+01 2.171028857125594769e+01 2.197746905555489505e+01 2.183598540869297722e+00 2.524078221963361290e+00 2.864775819640782650e+00 3.205562799938448393e+00 2.171180100927118062e+01 2.360635324048219630e+01 4.517295393003938564e+00 4.861905895828217972e+00 1.833626557123272249e+01 2.029358537339710011e+01 6.194880285838983092e+00 2.365522031327593311e+01 3.140136657277881582e+01 2.011940571296350200e+01 1.520460645628700647e+01 8.559707519688338095e+00 3.422602004618029525e+01 4.373505087784119638e+01 5.206715714453840604e+01 5.885374779877567875e+01 3.923039680260605166e+01 5.885374714408713714e+01 5.737953556486689877e+01 4.740108226129183322e+01 3.589863847374501660e+01 4.467169013356770080e+01 6.253173866483311372e+01 4.804827217119580496e+01 2.809993227948769601e+01 4.804827217207989065e+01 5.427870202859007520e+01
9.313476842122882932e-03 3.476653189973982760e-01 6.860655905298852497e-01 1.024659787735328065e+00 1.363448245723385854e+00 1.702397252117346271e+00 1.125462283387134832e+01 1.906365606358832210e+01 2.152203314210590079e+01 8.638182662283194091e+00 3.688101872305538098e+00 4.030347315335860436e+00 1.751856217945481475e+01 2.488214611894181871e+01 5.353650368084679201e+00 5.701501083676673076e+00 1.079995570159706553e+01 2.145928011815144387e+01 3.581138743022092541e+01 3.317464867783074567e+01 1.323580057303123070e+01 8.922445085382870289e+00 2.894318622416866305e+01 2.366296596549565834e+01 4.373759892376731528e+01 4.289332564707331130e+01 2.852472074291697979e+01 4.175806923865074083e+01 3.726166657120641901e+01 4.176572578696217164e+01 2.958723155939884464e+01 4.270023167427787314e+01 6.107401492792610753e+01 4.427971998103074469e+01 2.431254455173816353e+01 4.427971998131212672e+01 4.579736213354954089e+01
1.757287057980242524e-03 1.998314520482528778e+01 1.215553413249658021e+01 9.256289176108962735e+00 1.966170744150742422e+01 3.453867877176241219e+00 2.466529210433065700e+01 2.286919646517988625e+01 2.899240396296674049e+01 9.842692128243252014e+00 2.396790833779628471e+01 9.143829854959410142e+00 8.625965932874885667e+00 2.767437475544729253e+01 3.010194378179687291e+01 2.985268976904988847e+01 3.182902912610750334e+01 1.832091510781413746e+01 3.713491191055145890e+01 4.853193736650584356e+01 3.568304940191171681e+01 2.894563844546761189e+01 9.435737285351464720e+00 2.946237798881149672e+01 3.816029958267510835e+01 2.464341208408576733e+01 1.886611592513372671e+01 1.924565400442482854e+01 3.141739516932543452e+01 2.289071358099292652e+01 4.111710194935926665e+01 4.941420771335180007e+01 4.406881399061669669e+01 3.582454901310810413e+01 2.060851689414600685e+01 4.069466194615190346e+01 5.379984082729777128e+01
1.954507115700021471e-03 2.000184492737081143e+01 2.711041739279603391e+01 2.425269811967172018e+01 1.551537354451402884e+01 1.171229094992757602e+01 3.136396323308958145e+01 3.651155173751390492e+01 3.452688029351249099e+01 1.456326753433132204e+01 3.451888255524509930e+01 3.300156584600418341e+01 2.767438531312898320e+01 1.339858999865644940e+01 2.415192480662834029e+01 4.341368481396804668e+01 4.310992198796732566e+01 2.410769406626883793e+01 4.311000794581254070e+01 5.705531597627012985e+01 3.851846817149573354e+01 1.896586399550839630e+01 2.946468786832494402e+01 9.949928571478370287e+00 2.994089017820870069e+01 1.099364348608212794e+01 1.136169239272042830e+01 2.192179461965209697e+01 1.656366855766119173e+01 3.231739999107951888e+01 3.305419749111911898e+01 2.851597178242082720e+01 3.395609395989736612e+01 1.447467372919574657e+01 3.582454165311456507e+01 4.887763653294981481e+01 4.962006593700492374e+01
9.499524778340364892e-03 2.000949952477798632e+01 3.616123456059369090e+01 3.874445510985708552e+01 2.650549046699034506e+01 3.278115012730508226e+01 2.218435894922615859e+01 4.014196739078426646e+01 4.260568716506449505e+01 3.468592247035493870e+01 2.257565664585704823e+01 4.250146914334627013e+01 3.580742431401646542e+01 1.696240797810624201e+01 3.580742431183680452e+01 5.162469477445873167e+01 5.062949426930678953e+01 3.106715325643138570e+01 5.065309886924296023e+01 4.904966843316615410e+01 3.014066154555129984e+01 3.851846532069481555e+01 3.281903600168251245e+01 1.087616986332945679e+01 1.047331743034665941e+01 1.820091387561489782e+01 2.966646478662984165e+01 1.188656150807232059e+01 1.226799128089314372e+01 1.265108715361707148e+01 1.303418861246547245e+01 1.341780763550247002e+01 1.380237682941891642e+01 1.419017705960592934e+01 3.434558815795769959e+01 4.290566871746244715e+01 3.538773748978999834e+01
7.291241591682445615e-03 8.163167394246366726e+00 1.955278334882130764e+01 3.774323123984042638e+01 4.670271847405923893e+01 4.756966842587052469e+01 4.019766704000437585e+01 3.210254702222680123e+01 4.905069415903935237e+01 4.843666844825849438e+01 2.875183929788599357e+01 4.843666844825851570e+01 3.993823395520620778e+01 2.100848609149738166e+01 2.860516510698125003e+01 4.820077815077102201e+01 5.990058475949314243e+01 4.375746528915608735e+01 5.894725677165033773e+01 4.781838797676817876e+01 4.904966843316615410e+01 4.359145846450135764e+01 3.272429915012855162e+01 1.222518813770427570e+01 3.057434183365339209e+01 2.366787006252986814e+01 1.431519116319339702e+01 3.149484817083398269e+01 3.264979445908199551e+01 3.293308018473997834e+01 2.809184142552535590e+01 2.737425150934864959e+01 3.395720247985786244e+01 2.659323957518565962e+01 1.473875794133652839e+01 3.480860576480159807e+01 1.583253214324805747e+01
1.086749991637594439e-03 2.000108674999128056e+01 3.616576851053166308e+01 4.674803839988410914e+01 4.398426206855878462e+01 5.233359925422485759e+01 5.641088809196154585e+01 4.163807290300157149e+01 5.641088809115864677e+01 5.527144531826709084e+01 3.593977866760393880e+01 5.527144531826956353e+01 4.435060139187787343e+01 2.511753763365665648e+01 4.435060139187787343e+01 4.440168922650093464e+01 6.510478600665949500e+01 6.619874504019408334e+01 7.072570601155889847e+01 6.407907836026704729e+01 4.616155849899706709e+01 3.526618351918661176e+01 1.467413430086576831e+01 3.272430164348818238e+01 3.263962873918566032e+01 3.866860615306089244e+01 3.362961702487856996e+01 1.674095275962907436e+01 2.906187889491641840e+01 4.467852202964017749e+01 5.037372232368581138e+01 4.648029253402043537e+01 4.365896334115037547e+01 2.328803556413769726e+01 1.531717383800125631e+01 1.528039614392870327e+01 3.361303410104365241e+01
