MOVIE_S2_data/elevation_000934.asc
nrows	100
cellsize	150.0
xllcorner	0
ncols	100
yllcorner	0
NODATA_value	-9999
[rows 68 to 84 of 100, columns 0 to 36 of 100]
7.311399400410928048e-03 1.000731139940049808e+01 2.155431678319321875e+01 4.155431678319392574e+01 6.018116023447365137e+01 4.667301157549714219e+01 3.838626796331293889e+01 2.907600899060095045e+01 4.907753140400226499e+01 4.566169939771615560e+01 3.198520723643337504e+01 5.198673792943562688e+01 6.783518463516477937e+01 6.615046739824660449e+01 6.074428298679632832e+01 5.892651336027972775e+01 7.567199140250782818e+01 7.283291492605057726e+01 8.098287461769869822e+01 8.927459256056826575e+01 1.008314140754378911e+02 8.597447759642651022e+01 6.606481838538265094e+01 5.454053223380041260e+01 5.017310360874598274e+01 7.013388861647838723e+01 8.029344170484587551e+01 7.977274583660098983e+01 6.214259527165695829e+01 4.204911611005702810e+01 6.214259527165695829e+01 6.132014970928752717e+01 8.041409328258795597e+01 8.442983983902000489e+01 6.456613137085331289e+01 6.060692563598608018e+01 7.296152240781964338e+01
8.304378570984571536e-03 1.415044000230206045e+01 3.415044000230276566e+01 4.446307086541747111e+01 4.846308212713372399e+01 5.282745730010073970e+01 5.736539411527191845e+01 4.062303984626177566e+01 5.736539411527191845e+01 6.027465399123794043e+01 4.353220873137524194e+01 3.954448766781544577e+01 4.954445293162913089e+01 6.954945106614778183e+01 8.075324462078428667e+01 7.893332516763386764e+01 8.722466235144003122e+01 9.284957140510793749e+01 9.172731070283207089e+01 8.346675149568572749e+01 9.172731070283207089e+01 8.423553823393245921e+01 6.432729398575430935e+01 5.279627181514552348e+01 4.377314507893049722e+01 5.205744626583273771e+01 6.617544398533941319e+01 7.289243642628294140e+01 5.292610897962335770e+01 3.863465711240360889e+01 5.260319998079991421e+01 7.018633115499039832e+01 8.529143433335958946e+01 9.266213948761330244e+01 7.296152240781965759e+01 5.306658677914679600e+01 7.296152240781965759e+01
8.037589590134858880e-03 2.000803758958977951e+01 2.654127688636526727e+01 2.446305489210394768e+01 2.846305493251251306e+01 3.282741280581701204e+01 4.696987381039809861e+01 6.062658164795722371e+01 6.891590997947047015e+01 7.182386049445064202e+01 6.353567369814382459e+01 4.661552765798053599e+01 6.661906250272913610e+01 6.954923153922014478e+01 8.956319798286655498e+01 9.299754167679058980e+01 9.299754167679058980e+01 1.010412564574340024e+02 8.175841546694655904e+01 6.353101701390036027e+01 8.175841546694655904e+01 9.249250701099626326e+01 8.099410694289073831e+01 6.791104756273868759e+01 4.790745523196516586e+01 3.774909889562958654e+01 5.286957112945509607e+01 6.115032864305576510e+01 5.562885663400535208e+01 3.542086958021726417e+01 5.562885663389580060e+01 6.796166938640401156e+01 7.794638176319065792e+01 8.364231143896377318e+01 6.827224110971826576e+01 4.831997535688494594e+01 6.827224110971826576e+01
8.866319943247203544e-03 3.253294742558504371e+00 6.541274488665663966e+00 1.032091921875796992e+01 1.432091921875800544e+01 1.868527702347792996e+01 3.868529021416001257e+01 5.201852265963218258e+01 5.908968780216866179e+01 6.737712031644868205e+01 7.490933747271557763e+01 6.075836267017837145e+01 6.294706759375780791e+01 8.295980944361915022e+01 8.305876237515073512e+01 7.311998307351109361e+01 7.311998307351109361e+01 9.299754167679058980e+01 7.349888425479306875e+01 5.356188719748687532e+01 7.349888425479306875e+01 8.538105037081741955e+01 8.782810602273868028e+01 6.791104756273868759e+01 6.617131823741385688e+01 5.286957112945509607e+01 3.260111676236571299e+01 4.809225336505507187e+01 4.864390343377710479e+01 3.230779796056545905e+01 3.957051952069166134e+01 4.970535486834538119e+01 6.969227536108793686e+01 7.541052036248325408e+01 5.550541040746972499e+01 4.389086231049692088e+01 6.391829977170706911e+01
4.238120735784241429e-03 2.000423811275499730e+01 2.654127688221667469e+01 1.808827987317377151e+01 3.432092727390170950e+01 3.868529021416001257e+01 2.598824445688039830e+01 3.201847134843676912e+01 3.908953916032349696e+01 5.063654474239035608e+01 7.063712700517113774e+01 8.077157884315879244e+01 8.295987461182559741e+01 7.703124521523166379e+01 6.289289484759729731e+01 5.865669620083762226e+01 7.894198519497861355e+01 8.061220830537058646e+01 6.685321856902427839e+01 4.687393916221731160e+01 5.716752436948889482e+01 7.712200162340899112e+01 8.806694667530635456e+01 7.625694272861828438e+01 6.624861814493382894e+01 5.797331461530299634e+01 4.809221149802483808e+01 2.772995467496507516e+01 2.829215293795531139e+01 4.864390343377712611e+01 5.969881511390722295e+01 6.796167082414710592e+01 7.794638224087294986e+01 7.408643634948597878e+01 5.415190849654958072e+01 3.988237633112363767e+01 5.470991890506365252e+01
1.555317930585579152e-03 2.000155531793022945e+01 3.828474725148751645e+01 3.808828554413626222e+01 3.223041562288804585e+01 5.223043455513259659e+01 3.753524985959448657e+01 5.201852265963218258e+01 5.908968780216866179e+01 6.737717546129633206e+01 7.892868568854943589e+01 8.690066383131406269e+01 7.876096445691450754e+01 6.879934069790812146e+01 4.820976137800115424e+01 6.879934069790812146e+01 8.324681224523132528e+01 7.235273557567843739e+01 5.239345393986813093e+01 4.077128217339735983e+01 6.082923917138312930e+01 5.984719403532262305e+01 7.980799544643943477e+01 6.798333822027399265e+01 4.796555082421237870e+01 3.780698196632572916e+01 3.095156659764510110e+01 2.445098504354765723e+01 4.483167751317380834e+01 5.694140298584459003e+01 6.828471252278198733e+01 7.654428581905612816e+01 8.906725487825714538e+01 6.914493226473584286e+01 5.500336400432146178e+01 5.470991890505672473e+01 3.448423216953671044e+01
4.786148573735437791e-04 1.000047861485746026e+01 2.414261423859074540e+01 4.414261427114356451e+01 5.223043455513259659e+01 6.051491051983359881e+01 5.753531943835439222e+01 6.582064290823994668e+01 7.185189617782226890e+01 7.185182354270098415e+01 8.018506481733295743e+01 7.529530979163021698e+01 5.847346814974134332e+01 6.329654415841541493e+01 4.255309519892570336e+01 5.467384916610753010e+01 7.507449029296618903e+01 7.036211448522601586e+01 5.037293184408699886e+01 3.608191247398102774e+01 4.345721230105774424e+01 5.766302432647295007e+01 7.762608471721662795e+01 7.623978947450490296e+01 6.618758479040408815e+01 5.797057892243077504e+01 4.286997058105841063e+01 2.254435810522993222e+01 4.287053614777862265e+01 5.411462977908223593e+01 4.824518932669282378e+01 6.828471252278198733e+01 7.582339518155023939e+01 6.847667254051184216e+01 5.688287645550425253e+01 3.850797957938078753e+01 3.082334481682715932e+01
1.415922250553260878e-03 2.000141592225019949e+01 3.603474634010505184e+01 4.432466785476677273e+01 5.433774498437011857e+01 7.102632756504475253e+01 6.819000104088765113e+01 5.989454021949956797e+01 5.196758567976164045e+01 5.196758547137643802e+01 7.185182367171013595e+01 6.704797300278450223e+01 4.641288387261781168e+01 5.513429873873079146e+01 3.764839509084686142e+01 5.254458645736288958e+01 7.300334000310154181e+01 6.817799561680766374e+01 5.193254693125793153e+01 3.168709313270526096e+01 5.193254693125793153e+01 6.357540905009144439e+01 7.184441924797890522e+01 6.689260972519781490e+01 5.559414089121589342e+01 4.734187880097044854e+01 4.094119321365961639e+01 2.073203381782275656e+01 2.704379417221823090e+01 3.387619541938234136e+01 5.411462977908223593e+01 6.996193538036264670e+01 5.585762120350747750e+01 6.021593604554524859e+01 4.007665416684712767e+01 2.820794366539324827e+01 4.858856660864277899e+01
5.113348591224673584e-03 2.000511334859086787e+01 1.603385779007655287e+01 2.603386132378635054e+01 4.603686830277788999e+01 5.121105714202720804e+01 5.121105714202720804e+01 4.028237807445383112e+01 3.823273909379364710e+01 5.779156547975494362e+01 6.651503700000087349e+01 5.817271919839627969e+01 5.513429873873079146e+01 3.411466395824535880e+01 3.302703582035029228e+01 4.805321576935697436e+01 6.864151909140720420e+01 5.990846989640355247e+01 3.979569879541709554e+01 2.795432056313100588e+01 4.829635608709971706e+01 4.348491434519416288e+01 6.357540905009144439e+01 5.880105135413455741e+01 3.885728901164819149e+01 2.718646020264836949e+01 3.659266371885775015e+01 1.907003986446899546e+01 3.911924974935122634e+01 5.411462977908223593e+01 6.239473757287449729e+01 5.992943466145648301e+01 4.158573821797297398e+01 5.992933177244862009e+01 4.684733111173378717e+01 2.641597166149502485e+01 4.684733111173196107e+01
3.630678512830590090e-03 6.033857570069460330e+00 2.603402603204690280e+01 4.432466785476677273e+01 5.432463554538017547e+01 4.970361720257994165e+01 3.187607485476788938e+01 2.932478251460860719e+01 4.857145315928753604e+01 6.607850273124532237e+01 5.817271919839627969e+01 3.722642641265303354e+01 4.336145352887840687e+01 2.681221094386616244e+01 3.767423463171261488e+01 5.258925784644961254e+01 7.304727722264325962e+01 5.915351916826828926e+01 3.900450813593793242e+01 2.447315902530874254e+01 2.904253546260358831e+01 4.858405392984646909e+01 6.020293348930118071e+01 6.197342491368940642e+01 5.559414088813786492e+01 3.659312069555507918e+01 1.679414611822371484e+01 3.659312035193987356e+01 4.745264631230550378e+01 6.102459261974481564e+01 5.275736552866977291e+01 5.164538312202071779e+01 3.132397214070493519e+01 4.148628047428675103e+01 4.295525184799644336e+01 2.463572857163281782e+01 2.803988727546426318e+01
3.897887252982968069e-04 2.000038978872494155e+01 3.431961428663385760e+01 4.880860083537255889e+01 4.398311558368358476e+01 3.591202218059937934e+01 2.244606575039291130e+01 4.154356599839758246e+01 5.679676463151491816e+01 5.963063039089055906e+01 4.753968352064057257e+01 3.897337558598665908e+01 2.186434970558558177e+01 4.336145352887840687e+01 5.657695020622486481e+01 6.691518863904535408e+01 7.228212271632652630e+01 5.225621254928609716e+01 5.225621254928609005e+01 4.027888570556302739e+01 1.975312547732215407e+01 3.170809650370257771e+01 5.196903202373581365e+01 4.225722882423123394e+01 4.051113596291786934e+01 3.256672467747439015e+01 1.528100069381974535e+01 2.900315183035699107e+01 4.916214387183392631e+01 5.244229831324053492e+01 3.234432484284124598e+01 3.804529878006444932e+01 3.939882204564241164e+01 2.092607218115762180e+01 2.240986536516034633e+01 4.295497827479010766e+01 4.842790789844190158e+01
9.894987445105475968e-03 8.954166930749055453e+00 2.050118120889027296e+01 4.050506714775534078e+01 3.591202217860265478e+01 1.676404110940623937e+01 3.591202218059937934e+01 4.970361720257994165e+01 5.778359270955539984e+01 5.121213749364747514e+01 3.001398004783775875e+01 1.743067311864071911e+01 3.897337558598665908e+01 5.187073170632699259e+01 6.230783326866044547e+01 6.455562476940988859e+01 6.643564392901760129e+01 4.638289976506260359e+01 3.199830564482146045e+01 2.416842222925241046e+01 1.685762582558590239e+01 3.359825044995375265e+01 3.622701145267504330e+01 3.037673433720461347e+01 2.240904590634205462e+01 1.326631835027683337e+01 3.255264747360295274e+01 4.308571572605834632e+01 5.632228951062068489e+01 4.382453073443173963e+01 3.182415796463514113e+01 1.745037977502669335e+01 1.890501880310726790e+01 3.946038215074598554e+01 3.617302334963844856e+01 3.092114425964371094e+01 5.119454752142267751e+01
2.758038052605161963e-03 2.000275803744325742e+01 3.722762215333727909e+01 3.553353689895525491e+01 2.747701880761709958e+01 1.303362392380507551e+01 2.665495408219907603e+01 4.597884272789097793e+01 3.722343319603129430e+01 3.723956898972596719e+01 3.606788531064763248e+01 1.460820703839462631e+01 2.986252930380809190e+01 5.105123725864916651e+01 4.132027826875054899e+01 4.362690014940936578e+01 6.455562256976067204e+01 6.054152912562409483e+01 4.887860505817629075e+01 4.046072527032920618e+01 3.351388544751645782e+01 1.315618212224293693e+01 1.510964559149612718e+01 1.016413368149565599e+01 1.148545042952094519e+01 1.766800539120018954e+01 3.161894918921001008e+01 4.039124661064762023e+01 4.806948641156425595e+01 2.773148420948544413e+01 1.532935414968716614e+01 3.606581851746162215e+01 3.940984209068349031e+01 4.777812058292167308e+01 5.454102028296495064e+01 5.119454752174706869e+01 4.058152958912040731e+01
7.097940694151796438e-03 2.000306488959598639e+01 2.922921306859675994e+01 2.628305153573188235e+01 8.056623427830160722e+00 2.747699853899535327e+01 4.023813727115707195e+01 3.923167685845275798e+01 3.432093631310714699e+01 1.666584886273304633e+01 3.309944626609461693e+01 1.197928630174165754e+01 3.327491639763891840e+01 3.609733520299117515e+01 2.619596308692974418e+01 4.746739029495137885e+01 5.296891786699953997e+01 4.208046087427570114e+01 3.350642916491383261e+01 1.996588117755280933e+01 2.751133112157054228e+01 2.624493153290839587e+01 9.588011897760011948e+00 2.998250905029476598e+01 1.076621462266966311e+01 1.119132780775908742e+01 1.161000302968557207e+01 3.203481777252164164e+01 3.309954088362648861e+01 2.769649849539360176e+01 1.413057607552155481e+01 3.466351558355468399e+01 4.998918049306056588e+01 5.507563008210432542e+01 6.338785229197066684e+01 6.892661484377757120e+01 5.481067207571568645e+01
8.907212727516041623e-03 2.000510910975409828e+01 1.356856867901416308e+01 1.681074785005335315e+01 4.768923087027091334e+00 2.303566678199367956e+01 2.246205522304657620e+01 1.762381732664588441e+01 2.097082046911877029e+01 7.717184336292854496e+00 2.690374466990213520e+01 9.391083225244045707e+00 2.678997634386336912e+01 1.493124105740936791e+01 3.567257105635999181e+01 4.397629918960994644e+01 4.403218927952396200e+01 2.263276818919786848e+01 1.199911243260514304e+01 8.200660610544462159e+00 8.610092089243208235e+00 9.018472603077292149e+00 1.000113326938091873e+01 1.796236678009227816e+01 3.706183763338044912e+01 3.485988150692924847e+01 1.780874483203377068e+01 1.219857211438163525e+01 1.262025527717038464e+01 1.305108287231858455e+01 1.351351785117559956e+01 2.396432616120356585e+01 4.084834796338554241e+01 3.485360117909653610e+01 4.920084192249808552e+01 6.927406191972865201e+01 7.477913208182370397e+01
4.556156782696869564e-03 3.842877813613181925e-01 7.640878692280788087e-01 1.144162181020722535e+00 1.524442551007843649e+00 1.907713740891053611e+00 2.291974019360544013e+00 2.676447243414940669e+00 3.061204946401381743e+00 6.576674564788974386e+00 2.369189072587018430e+01 2.585192890799820020e+01 4.862200158846031073e+00 1.911166479511846461e+01 2.856445343882204213e+01 2.214508994316812007e+01 2.698217505383039949e+01 2.657078831419742571e+01 7.621084925678890620e+00 2.798826971956785670e+01 2.899485119075054840e+01 1.373479847068929161e+01 3.266308743788910363e+01 2.251064270243128007e+01 4.359528927217414918e+01 3.283490130950032437e+01 3.655978196047020390e+01 1.991899390289648508e+01 3.308009749332228466e+01 3.048539079681235719e+01 3.399925257153623903e+01 1.416608909581841402e+01 2.176119677510227035e+01 4.228391452649772475e+01 5.952055640076248721e+01 6.735064521758218348e+01 7.831010174226487663e+01
9.004134676422023004e-03 1.342833460777141141e+01 2.062796721105555164e+01 2.190068032825731592e+01 1.140658483125074341e+01 7.675710010416158191e+00 2.190205530244097787e+01 2.279763826460361997e+01 1.933487757674171093e+01 3.606311744989521006e+00 3.991761695712350289e+00 4.377854294618729547e+00 4.767227880712392896e+00 1.877486533286636217e+01 2.426681261226088537e+01 6.248940588104814786e+00 6.640066466971167536e+00 7.043868707592532807e+00 2.735781581709562360e+01 3.636580317357172021e+01 4.128168889584723900e+01 2.261996636078524148e+01 4.128599163178260056e+01 2.965843494973771399e+01 5.003977369623318339e+01 4.715038359632106335e+01 4.057242711894522103e+01 3.453543873368285944e+01 4.040518372865246022e+01 4.830834608570362576e+01 3.512460709859450247e+01 1.462502369595492091e+01 3.512459907833525108e+01 4.670037744687546422e+01 4.062143986031570364e+01 5.771068521859217526e+01 6.280956663665900663e+01
