MOVIE_S2_data/elevation_000368.asc
nrows	100
cellsize	150.0
xllcorner	0
ncols	100
yllcorner	0
NODATA_value	-9999
[rows 34 to 50 of 100, columns 37 to 73 of 100]
6.259043641991930684e+01 8.261428384691373594e+01 8.547956707702118706e+01 6.537974856787732847e+01 6.677491020832378865e+01 7.684324576735654944e+01 9.103114467281916689e+01 1.110495235788353341e+02 1.022799048364958452e+02 9.374186553789556342e+01 1.022799048364958452e+02 9.665863860247803530e+01 1.052250836049020393e+02 1.083384324891820967e+02 9.700292882292359309e+01 7.905865386943649753e+01 9.700292882292359309e+01 9.721011030590902635e+01 7.926572884218477100e+01 9.721011030590902635e+01 9.366176310231375624e+01 7.406605752079070726e+01 9.366176310231375624e+01 1.049409314654000980e+02 8.530833904585351490e+01 9.520170477874314940e+01 1.034103949406383265e+02 8.782885074838324613e+01 1.048123356745691979e+02 1.040869426518185321e+02 9.580945206839435002e+01 9.187659412353929156e+01 7.380716317470216836e+01 5.360648934839684898e+01 6.531324448385414883e+01 7.955279825631471624e+01 9.955078131476192027e+01
6.484570243425184799e+01 6.811331278250379739e+01 7.153624149852171854e+01 5.781376090584738847e+01 7.788254976663105822e+01 9.517167614745314097e+01 1.051958275805069007e+02 1.038720360346973166e+02 9.207510465448555692e+01 7.341637119908325815e+01 8.839134054960281617e+01 7.624750057722870622e+01 9.339503487207980470e+01 1.001608870107848617e+02 8.057223252940113412e+01 6.915052213375525980e+01 8.004088413720729989e+01 8.819522447741545079e+01 6.936058091347298671e+01 8.905819428601994048e+01 8.800496246610376261e+01 6.830163758966192233e+01 8.800496246577786508e+01 1.024159697029415810e+02 9.520170477874314940e+01 7.526932701465084108e+01 8.742212543353207366e+01 7.628933686647474133e+01 9.551750031362202265e+01 1.138087646012713918e+02 9.384080680699854327e+01 8.359059066929303583e+01 6.347747880314641833e+01 5.177864087330278409e+01 7.197828009930904614e+01 8.373330413596961819e+01 9.247270587338286418e+01
4.503311055982193523e+01 4.823721658324178208e+01 5.157731055154557254e+01 7.153624149852171854e+01 8.619183029285321140e+01 8.810736743719738229e+01 1.081440156106520192e+02 9.533284261175910501e+01 7.480075558361525623e+01 6.354695729148229333e+01 6.829441853237328530e+01 6.487702158189378565e+01 7.888051000820222214e+01 9.932988508895195423e+01 9.140057440915879283e+01 7.172501369989298325e+01 6.015426871645249918e+01 7.321983132134208461e+01 6.225071073188552617e+01 8.209403629156052773e+01 7.648741641815057335e+01 6.309849986772331221e+01 7.461949059139283236e+01 9.425298209059634758e+01 1.034103949406383265e+02 8.742212543353207366e+01 6.729482173337294171e+01 6.728441299476931192e+01 8.701555432810023660e+01 9.652662208739394600e+01 9.384080680699854327e+01 7.381416275919904990e+01 7.018585196378104740e+01 5.000443682765724418e+01 6.775622269932745212e+01 6.219488061076035734e+01 8.240509196257546876e+01
6.484570243425184799e+01 6.811331278250379739e+01 7.153624149852161906e+01 6.043842076931842655e+01 6.801871926041913241e+01 8.223843010122756425e+01 1.022762355504135741e+02 9.259011838777264813e+01 8.380545138542746031e+01 5.496911802439652917e+01 5.481835190469321617e+01 6.829152284971765141e+01 8.829752266931373583e+01 9.957071226510328188e+01 9.955798910512366717e+01 8.819522447741545079e+01 7.321983132134208461e+01 5.319607518384724187e+01 7.321983132125251359e+01 7.149749634745586491e+01 5.652774544721341243e+01 7.071246929496375344e+01 9.042937208089438172e+01 1.009062968876606305e+02 1.107210103397799372e+02 9.457297943597451706e+01 7.446196024690176785e+01 6.015259234917363074e+01 6.885648012411098762e+01 8.322172155111837810e+01 9.384080680699854327e+01 7.381416275919904990e+01 5.953745156383998705e+01 6.771272489925794957e+01 4.764382073798473982e+01 6.641356057142266422e+01 6.958740636572086657e+01
5.128731840473933090e+01 6.271066803728471939e+01 8.273276599613669191e+01 7.463767516485279430e+01 8.810736743719738229e+01 9.640999464605526725e+01 9.851181512844405574e+01 7.817502952662295002e+01 6.427989598141154204e+01 7.001280961494775568e+01 5.063377128430300189e+01 7.001280961494775568e+01 7.104865245906786697e+01 9.114200415436232561e+01 9.160541811048648242e+01 8.344560499301820755e+01 6.962345855255762217e+01 4.956309621275692479e+01 6.701706670098167251e+01 5.146041323400304179e+01 7.149749634724555847e+01 6.603981725134511294e+01 7.310930104264603813e+01 8.296080861350341706e+01 1.025351130614420327e+02 9.463454523269435015e+01 7.507079480941125382e+01 6.363945108434887032e+01 5.473912639115843604e+01 7.019149265493939538e+01 7.852704978589233065e+01 8.796479795507070776e+01 7.967977946427464531e+01 6.609117354616491014e+01 4.606254627175174932e+01 6.609117354091334562e+01 4.962400002077587402e+01
5.159174984676947417e+01 7.122058266034083829e+01 9.103656951551884902e+01 9.470276339085719997e+01 8.885936204253124515e+01 9.739551949936560504e+01 1.054043543589589405e+02 8.564876890558461753e+01 6.568463544195786596e+01 5.210273984015341142e+01 4.683043632724466221e+01 5.515797680299915129e+01 7.473748864239641421e+01 9.278194867692413084e+01 8.344560499301820755e+01 6.360945166289639019e+01 6.613132606429752514e+01 4.606686853313284047e+01 4.695525427737869251e+01 6.701706670072130123e+01 6.421304950266429046e+01 7.827313344326553590e+01 9.274796083650404910e+01 1.009062968959017041e+02 1.107210103397799372e+02 1.028405533995604202e+02 9.212615126797095400e+01 8.275238786415272330e+01 6.419154049483621804e+01 5.013922291107645179e+01 6.586690894393106532e+01 7.419794677263337235e+01 7.092927162474788361e+01 6.260979163989012619e+01 4.443132952935037849e+01 4.638338099953896432e+01 6.647419962656368853e+01
6.695568661112027087e+01 6.537193319578234707e+01 8.534051135077945105e+01 8.567644420740765554e+01 6.868906328986501819e+01 8.567644420740765554e+01 9.101011874054769635e+01 7.661588312213662277e+01 7.989796671674496054e+01 6.235514145786729046e+01 4.303064279215823262e+01 6.235514031837575288e+01 6.443476174340457874e+01 8.433667344606834604e+01 8.344560499301820755e+01 6.360945166289639019e+01 4.938025221213047899e+01 4.270165693113121108e+01 6.273987248906830416e+01 7.521775432844921738e+01 8.403227541721264515e+01 9.219240224298032160e+01 1.061116699967492707e+02 9.980802986938751076e+01 1.080726454342281642e+02 1.015733892105165381e+02 9.329810553750711222e+01 9.187580362680373014e+01 7.852704978589233065e+01 6.586690894393106532e+01 4.586134036226682298e+01 6.174007625682585143e+01 6.081329435434132336e+01 4.248421057085583641e+01 4.463494898538441191e+01 6.606569041674646314e+01 5.263517838379484459e+01
8.506654622715450387e+01 8.534051135077945105e+01 9.364342759568783947e+01 7.721396790758284112e+01 5.738292470809994938e+01 7.721403273097818953e+01 8.256094496836382746e+01 6.269193678943584302e+01 6.999468082957847059e+01 5.940818305023610435e+01 3.997264431992633860e+01 4.868078385044328371e+01 6.808683130677096074e+01 8.354728652391577270e+01 8.921200003530861977e+01 6.941932646063297341e+01 6.062764668846771343e+01 4.061878528196416482e+01 6.062764668846771343e+01 7.828467698431624910e+01 8.429363843107202570e+01 9.246160637658616110e+01 9.654259618582536007e+01 7.982990806648078319e+01 9.654259618582536007e+01 9.329810553750711222e+01 7.326749875078898810e+01 7.913432764733748570e+01 7.201770997964284504e+01 6.564360921023120454e+01 6.174007625682585143e+01 4.177173981084831667e+01 4.072320898871147676e+01 5.491525350906551495e+01 6.982230854433603895e+01 7.134090786047836730e+01 6.684593864175541000e+01
9.418472452869831102e+01 9.862944552686425936e+01 8.246380131109992817e+01 7.020263689452345091e+01 5.049931431332120724e+01 6.843758752508644250e+01 7.677281828744582981e+01 6.999468082957847059e+01 5.055410979408843275e+01 4.373594628234852166e+01 3.704581976927306641e+01 4.592702834054706074e+01 5.553335928073470740e+01 7.515148616063497400e+01 8.454996415594693815e+01 6.470361240380933054e+01 5.855282408943826766e+01 3.857479300247948828e+01 5.010591120925743525e+01 7.009152166731915656e+01 6.447328078734470580e+01 8.429363843246508736e+01 8.827365586857617075e+01 6.825606967511225776e+01 8.827365586857617075e+01 9.329810553750711222e+01 7.326749875078898810e+01 5.900547014883824914e+01 5.186025086316822552e+01 4.551185817675288803e+01 5.742477745150662827e+01 3.898260578395615994e+01 5.904113779886360902e+01 6.913383339137681105e+01 8.335241706621211222e+01 9.263390992885686614e+01 8.694641808514975878e+01
1.008024573071105294e+02 8.709840033053077946e+01 6.540951644616687588e+01 5.313562391726463119e+01 4.426095507813106167e+01 4.883065521986574709e+01 6.536547798328876979e+01 6.981945832508311867e+01 5.908719502004693425e+01 5.087739097956086454e+01 3.441145586748613283e+01 4.598375462544758818e+01 6.548700891718320349e+01 8.354633249730328259e+01 7.876984653601714115e+01 5.887718745473346615e+01 4.469403808688981883e+01 3.658714089083927945e+01 4.319207010997303087e+01 5.027459894281306418e+01 6.447328078734452106e+01 8.429363842610945312e+01 8.119637039838387693e+01 6.113305610817437241e+01 8.119637039838387693e+01 8.314072612856415390e+01 7.485043469151452200e+01 7.700521451242644844e+01 6.426780297616198823e+01 5.595178118634137121e+01 3.739447864305098790e+01 4.024035825489087870e+01 6.032342668500873373e+01 7.288581793598461900e+01 7.490646631211596684e+01 7.910642742855789322e+01 8.739156710741896461e+01
9.303584762165539246e+01 7.520738644306835852e+01 7.927546400950610916e+01 7.231738088999087211e+01 5.711751988068451880e+01 3.730939282909975674e+01 5.711751988068451880e+01 5.582256515430632504e+01 4.182567198352949589e+01 3.081472848459290503e+01 5.087739097906808894e+01 6.243688141525875324e+01 7.378798510912373843e+01 8.461975662935007847e+01 7.639845452592686570e+01 7.291178857619051712e+01 5.466647402474276163e+01 3.475057048605813748e+01 4.882076609553408986e+01 6.877926138911011833e+01 7.846744277018197522e+01 7.457444031593230704e+01 6.727258580817895961e+01 5.507102124355147055e+01 7.514705353005653876e+01 7.485043469151452200e+01 5.473707043926179239e+01 6.062810640071229784e+01 4.860252485786883625e+01 3.594247814400991103e+01 5.595212007400982657e+01 6.032342668506289129e+01 4.442258216634795076e+01 6.457110913243056416e+01 5.473526069858079524e+01 5.896412150963845278e+01 7.063838261225112092e+01
7.523232882493506679e+01 7.927553722885708964e+01 6.048413969526609435e+01 6.875741698410040215e+01 5.303652146969353254e+01 3.307289360953134150e+01 4.745591123423579916e+01 4.444278139345188094e+01 2.750132973682615045e+01 4.760117173659421752e+01 5.908719501852787204e+01 6.457462824821709546e+01 6.683606467546803742e+01 7.362097214252695210e+01 5.641383001221444005e+01 6.008397148848968783e+01 5.283302216118168104e+01 3.295773978385210512e+01 4.698898264943417047e+01 6.694193220737194849e+01 6.869064011921363999e+01 5.452306831626574279e+01 4.722400465052463403e+01 6.727258580817895961e+01 7.406867772416349283e+01 6.574158700537496713e+01 6.062813843095037214e+01 4.055680683576554202e+01 3.449881350928939128e+01 4.860252889671066612e+01 6.427086384396480412e+01 7.288571060475133834e+01 5.605654490533846968e+01 4.901914258736198349e+01 6.920118780250048474e+01 7.910642742855789322e+01 6.613243414015430233e+01
5.545687367174141968e+01 6.954010152943384071e+01 6.875741698410048741e+01 4.956634732696898027e+01 5.989857266730140850e+01 4.745584810131995113e+01 2.749761831055779027e+01 2.464567831670823139e+01 4.444278139345188094e+01 5.581709346734064781e+01 5.905787157759129258e+01 4.570130845377359208e+01 4.731348890772844129e+01 6.312212888057289462e+01 6.004445587738641166e+01 4.011171953480393171e+01 4.853236285654291038e+01 3.121043010685012575e+01 4.519246737453436680e+01 6.513590240292076317e+01 6.039597920287401678e+01 4.038762372713823368e+01 6.039597920287401678e+01 7.556413017750880101e+01 6.504955368975201679e+01 4.561316033352397170e+01 5.161609175953461204e+01 3.307087076657379754e+01 5.304235578611697832e+01 6.280799567112430992e+01 7.701345724097903656e+01 8.449593982095136369e+01 7.620220948191554555e+01 6.069675923750454416e+01 5.913413090579957299e+01 7.340171620952597209e+01 8.620213997450056809e+01
4.193218292769886091e+01 6.124897038501821100e+01 5.996317662883937061e+01 5.177393002383451659e+01 4.051343551703575940e+01 5.398491351510245551e+01 4.212748310758865955e+01 2.278891612117059040e+01 4.221956910158311871e+01 4.143409847188187456e+01 4.088825887516683366e+01 3.081792743124780287e+01 4.192079277996716513e+01 5.622707929632820623e+01 6.189595021047173873e+01 4.853000931018525677e+01 2.877857818669459178e+01 4.852540753724249356e+01 5.824294698408344573e+01 5.308617838083236506e+01 5.063883817601448811e+01 3.622442875572946974e+01 5.619038621113723764e+01 6.783438890923498832e+01 5.719006960256994887e+01 3.545405254351177149e+01 3.167392099987606358e+01 3.599084018060314349e+01 5.558599614237095921e+01 6.840302111434593257e+01 7.617824414442725356e+01 8.450546322323934589e+01 8.910466709365348947e+01 8.081845326695504639e+01 6.924295123340660041e+01 8.755574547150790465e+01 1.017097747334459683e+02
4.903571330442263587e+01 5.674847485664032121e+01 5.177393019814610398e+01 3.222576464146261799e+01 4.472554822156441645e+01 4.465231508812352246e+01 3.521666004544493234e+01 2.109797172294019063e+01 3.902186657118986091e+01 2.035189687056896091e+01 2.080204788339701238e+01 3.351183297183899867e+01 4.054262076780258894e+01 4.343777071839635795e+01 4.345824002287034915e+01 4.664331669168684869e+01 2.709343045673369588e+01 4.454638667374651106e+01 4.499884963854547948e+01 2.955731057454152122e+01 3.069278805819775258e+01 5.057824696325980796e+01 6.157923932829680780e+01 4.743487315704025775e+01 4.885913402712913722e+01 3.033778730566237769e+01 5.022976821068057518e+01 5.558599614237169106e+01 4.245725130776584422e+01 4.769452710519001926e+01 5.560693761878057728e+01 6.762890816816648965e+01 8.785685427348769849e+01 9.757134521312266884e+01 8.929353816499624941e+01 9.757134521324006471e+01 1.000001904516490896e+02
4.891707156494741326e+01 3.282427335683182434e+01 4.198220348006471880e+01 4.326185030202137227e+01 2.475895982514791527e+01 1.965831787103450878e+01 1.889925358452894599e+01 1.930595388924690425e+01 1.972376929629807663e+01 2.124287110852452543e+01 4.027927668434259090e+01 2.144596194969179592e+01 2.190245861288484619e+01 2.800534452355466186e+01 4.006896289102952835e+01 4.207567620377824369e+01 3.719481831529847682e+01 2.463263195892915647e+01 2.513170296198837761e+01 2.563030173185603289e+01 4.526169910770510540e+01 4.648148658204278405e+01 4.704300508562732830e+01 3.641543799593788577e+01 2.904225281134107206e+01 4.885913413245860681e+01 4.931350484529013301e+01 6.811022882058890104e+01 6.276634511930492266e+01 6.237836855039691386e+01 6.466776040245484580e+01 8.450546322323934589e+01 9.614856393435107407e+01 9.936469227661307002e+01 9.111176160234056454e+01 8.852527814920874505e+01 8.012505933142520576e+01
1.592235914225891413e+01 1.629951825209205651e+01 1.669938992047853787e+01 2.933131313416422969e+01 3.753861685491609990e+01 1.831924601121380292e+01 3.810118212414401029e+01 4.028033915401336884e+01 2.335452487682948686e+01 3.716547169175493082e+01 2.343897627972152264e+01 4.135412856465739395e+01 4.186897353061159777e+01 2.255239088199863318e+01 2.301503129632452271e+01 2.348220891687246237e+01 2.395534008807033288e+01 4.251907993689273013e+01 4.474435262117533085e+01 3.873403963962382335e+01 2.632947162508030203e+01 2.681652365475146738e+01 2.729206997386407707e+01 2.775583388695444143e+01 4.750583640686625131e+01 5.562016319940447318e+01 6.557111734071720832e+01 6.591156745340326495e+01 7.420856112560754525e+01 8.279543669072671719e+01 8.502302533854765443e+01 9.333037650086625092e+01 9.289425560673504378e+01 8.463878659426084994e+01 7.116071271200307535e+01 6.855213760920771904e+01 8.270290872937756887e+01
