MOVIE_S2_data/elevation_000945.asc
nrows	100
cellsize	150.0
xllcorner	0
ncols	100
yllcorner	0
NODATA_value	-9999
[rows 17 to 33 of 100, columns 0 to 36 of 100]
9.533491951124807226e-03 1.940477135722759883e+01 2.080847394716571941e+01 1.413690852365064643e+00 1.827908087372259294e+00 2.242374965338098214e+00 2.657113707012877857e+00 2.112935778152643351e+01 2.307609758369628139e+01 6.510414001009841023e+00 2.057503114808219635e+01 3.179502227055247587e+01 3.838273451078104159e+01 3.307853565034108101e+01 1.473552268469326521e+01 3.006110832845130787e+01 3.705565366522505144e+01 4.582847838253932338e+01 4.671263905876497091e+01 2.871532016279133259e+01 3.382986047768439875e+01 1.677076981197371808e+01 3.618952236046992255e+01 4.763110538330841592e+01 5.599850258795290614e+01 6.240616571072028762e+01 5.410889249344342034e+01 4.327838236700840469e+01 4.327838236700840469e+01 2.687488508327257719e+01 3.566501837845936507e+01 4.708257149697082156e+01 6.706091548128476632e+01 6.537013473008607889e+01 6.178557760293636392e+01 4.724802875272874303e+01 2.737494885860702354e+01
1.329665511360111864e-03 1.999776997787333244e+01 3.014393898662442695e+01 2.822454282163809935e+01 2.293103912251789822e+01 2.052640622626248756e+01 6.313559726370430170e+00 2.476888251183488876e+01 3.304756909962471667e+01 2.597505083051128238e+01 1.045736955171258487e+01 2.588025446243621275e+01 4.744193567192698424e+01 3.364683196697431100e+01 3.364683197152312744e+01 1.882358756676380551e+01 3.806619718970180344e+01 5.130997578223045963e+01 5.610092129051385967e+01 4.908469410068414618e+01 3.786698684922305347e+01 1.852144100068709420e+01 3.786698684922333058e+01 5.508812722251649063e+01 6.390984679455438311e+01 7.538075089065445411e+01 7.151203069873814400e+01 6.065579322570246745e+01 4.073885439303510481e+01 2.937242325132703868e+01 4.915674333263706330e+01 6.123926853424244854e+01 7.538708922663256828e+01 7.383649912624592559e+01 5.399273761933734050e+01 3.995234104849073731e+01 4.707246365121515908e+01
4.760174870478865901e-03 9.716509172249196524e+00 2.391107166342685630e+01 4.466845725665162092e+01 3.696966878210320573e+01 1.768756895953288932e+01 1.078470967265147884e+01 2.395646133924615029e+01 4.174672661578146915e+01 3.424982096017587452e+01 1.385559391665572093e+01 3.425446700857722959e+01 4.782533265467442618e+01 5.353968972698459083e+01 3.806619718927582596e+01 3.806619718970180344e+01 2.323514265530264922e+01 3.699706111576742984e+01 5.722203208834079646e+01 5.338616282817550029e+01 3.383045230459696029e+01 2.027620637436787376e+01 2.749723884948945951e+01 3.601311996025116002e+01 4.728288896680786735e+01 6.715881347127469780e+01 8.310263843767722847e+01 6.897188597027830781e+01 5.744580143269234895e+01 4.915674315551625995e+01 3.310696851505482385e+01 5.293847044812472546e+01 6.554026572396625738e+01 7.710646171822679662e+01 6.804219799171708871e+01 5.980484080046227291e+01 5.626852253486255506e+01
4.522672674103187483e-03 1.968773119033759045e+01 3.645184712984580244e+01 4.988204694457985511e+01 3.741141901811175785e+01 3.752495714297964469e+01 2.207222365142550657e+01 2.045352465699342659e+01 3.995934427798736976e+01 4.242374024849566894e+01 3.425446700859566818e+01 1.930639936501036402e+01 3.970719562209321651e+01 5.665599093048351875e+01 5.816345155416625090e+01 4.663744986044901708e+01 2.666144244095501037e+01 4.068185124662768715e+01 6.101553680598688345e+01 5.517466519184287677e+01 3.557357537702716144e+01 2.207136744009862639e+01 4.131478196668270897e+01 5.165851279051230449e+01 5.607067193263704041e+01 5.506628392242971870e+01 6.908446118005349490e+01 8.054470391125461504e+01 7.294909299141863812e+01 5.293847030580496238e+01 4.054502612083205548e+01 3.733763863602502653e+01 4.877518326687814465e+01 6.877520830075910396e+01 7.063967639249877095e+01 5.061088603993662360e+01 3.651826374625502325e+01
8.979627706787422434e-03 1.001059521242016181e+01 2.158273762906666704e+01 4.195438099783045516e+01 5.757610529676986033e+01 5.231137636094465648e+01 4.278212132838817894e+01 2.914377179537705231e+01 4.802575690758968818e+01 4.740060009839592681e+01 2.711670259440029795e+01 3.970719560878887222e+01 2.848670458022944985e+01 4.299134721671863701e+01 6.252797588273558205e+01 5.068569669225482244e+01 3.048943798196048860e+01 4.470666176194679764e+01 6.512036494661194297e+01 5.442730734680561255e+01 3.481237038949974760e+01 2.386338471365450076e+01 4.298423434353994566e+01 3.211274343193402103e+01 3.634241426348072679e+01 4.101869202385707069e+01 5.247295689137228436e+01 7.238860756698262833e+01 7.463957428536258476e+01 5.459941198126112027e+01 5.459941198185170919e+01 5.722818846364867795e+01 4.192211599864721450e+01 6.186477788220817331e+01 6.914158056437574373e+01 4.911740968169768706e+01 5.647718291523836598e+01
6.790954771729373202e-03 1.414892657850255375e+01 3.414892657850184321e+01 3.948421073738441578e+01 4.754827895981965469e+01 5.568660833796364074e+01 5.674922850123405027e+01 4.271903454405137524e+01 5.674654094147680894e+01 5.321975129981745312e+01 3.313141186991312281e+01 5.322546897358439111e+01 4.871349296749852442e+01 4.147757482871555368e+01 6.087377715057555605e+01 5.513811539593402955e+01 3.478827884164269335e+01 4.914051119438829573e+01 6.961761280315405997e+01 6.265943092986196206e+01 5.047405519775076499e+01 3.097100810161045104e+01 2.647699401407123787e+01 4.562727533774738475e+01 5.605389502325213869e+01 6.089030128833238109e+01 5.035072899974921512e+01 6.191578812699735579e+01 8.172832881625474499e+01 6.874923126351902170e+01 7.463957623483028669e+01 6.524099802785754321e+01 4.526707722773511477e+01 6.524099802785754321e+01 7.745707804231551563e+01 6.326382079251451529e+01 6.596404443198241552e+01
6.689336105942520969e-03 2.000668933610558753e+01 2.955378248119023965e+01 1.956975897910559681e+01 2.772609766147270705e+01 3.921088803438972548e+01 5.850215266998713304e+01 6.305421966084134056e+01 6.901043541803379355e+01 5.003679725357871888e+01 4.754456643266891547e+01 4.754456643266891547e+01 6.694038094163127539e+01 5.297392878253354098e+01 6.472381567515995471e+01 4.431863154539888683e+01 5.513811539674816942e+01 4.560488764901793246e+01 6.608542090122438140e+01 6.450571371034554602e+01 4.466195873848970166e+01 5.047406000204956200e+01 4.578215669141254551e+01 2.943318717101272952e+01 4.306202430325297570e+01 6.291091919589356962e+01 6.191578812699735579e+01 7.028955311598157607e+01 8.985916180332843339e+01 8.886012038132743385e+01 8.299170823670893071e+01 6.288934446069922046e+01 4.877353852159671277e+01 5.873437405488581220e+01 7.882000693074152764e+01 8.333174792197388570e+01 7.752087573461750480e+01
7.711933663051398317e-03 4.721756900618579778e+00 9.572465131512030823e+00 1.851586401904208756e+01 3.005396001990710175e+01 4.999881143037219289e+01 6.674576234000208785e+01 6.402805687609402696e+01 6.544041021615076659e+01 6.844693341650827278e+01 6.694038094163127539e+01 6.694038094163127539e+01 7.472428371327943353e+01 6.632042804850877360e+01 6.490384113290437540e+01 5.885780561478942730e+01 6.111930713680425953e+01 5.583681072387369682e+01 7.450676139309844359e+01 7.274260356507267034e+01 6.450571371034554602e+01 5.216679974361007055e+01 3.255729061289034121e+01 4.887561239227019882e+01 4.306202430710249018e+01 6.291092108851871245e+01 8.172832881625473078e+01 8.985916180321247282e+01 9.815559312624961308e+01 9.462178740217517259e+01 7.447789938921150110e+01 6.028487617367633788e+01 5.333093298174897967e+01 6.747986509743454064e+01 7.882000693074152764e+01 9.896421254199455575e+01 9.350459788716779030e+01
5.464868864810172588e-03 2.000546486886445408e+01 2.955378248119023965e+01 3.781483848366725198e+01 4.674013740347489687e+01 5.825189694965044396e+01 5.479028663292790924e+01 4.578265132727838704e+01 3.464204145795102363e+01 6.029979250553483183e+01 6.148680717913801175e+01 6.979817709489536526e+01 8.139464578638931869e+01 8.456852092809994303e+01 8.549016299594184431e+01 7.950026208932028737e+01 7.573788288503325816e+01 7.036128134370888176e+01 8.471769647306035722e+01 8.013019266666351825e+01 6.118449974844810413e+01 4.125499488526494929e+01 3.481676873868187272e+01 5.454132823670413188e+01 6.291091715111268456e+01 7.116596821827631913e+01 8.260004931783254278e+01 8.260004931783254278e+01 1.024478349851703740e+02 9.682576744602134511e+01 7.668133544045582539e+01 7.839886468292438337e+01 5.830689802334784133e+01 7.839886468300896638e+01 9.595629631743443611e+01 1.020963595081613136e+02 8.516397098399724541e+01
5.889614652278742785e-03 1.414802523838335446e+01 3.414802523838405790e+01 4.065082480585800084e+01 4.242535299634190693e+01 4.580983179378640102e+01 3.395019038719188842e+01 3.242728513824260261e+01 3.387086837750420187e+01 4.985751930665192333e+01 4.134428972814752967e+01 5.298921467406847086e+01 7.309473441207119038e+01 7.381771535359708025e+01 7.381552277239896398e+01 8.210707829118045709e+01 9.624082539611747222e+01 9.075352449314962655e+01 8.339952798972663572e+01 6.345353987463398227e+01 5.186732361527907642e+01 5.868624103349726795e+01 3.880795464138007844e+01 3.940335096010014837e+01 5.929667590313992775e+01 6.848191641928796969e+01 6.263399429732501034e+01 8.001742635390802150e+01 8.752988068185798909e+01 9.574621292460902566e+01 9.682576744602134511e+01 8.601322217633860134e+01 6.586860634246284008e+01 6.988240013236863035e+01 9.003257161445131374e+01 9.375986360879691972e+01 7.360070848688216927e+01
6.299055471926359555e-03 2.000629905547157250e+01 3.367106026631501692e+01 2.065290935386820692e+01 2.242751697632160912e+01 2.851962645958301579e+01 2.107220930182578300e+01 2.339032850081257564e+01 2.387685806356441631e+01 2.974899337906127172e+01 4.396040979636690338e+01 6.409440106518137270e+01 6.796697205192461411e+01 5.382097503101187641e+01 5.382095781469967477e+01 7.381536542535774004e+01 8.326457412428283078e+01 8.776146760836795124e+01 9.163538121667593828e+01 8.013019266666351825e+01 7.188370638222485809e+01 6.304853755971147677e+01 4.305798352449190958e+01 5.929667590313992775e+01 4.429086255583722220e+01 4.841854982768774107e+01 5.327676557617137121e+01 6.001612904392977299e+01 6.765379479437159205e+01 7.917584957387043687e+01 9.894169939937441427e+01 9.436801433505677039e+01 7.593081382808804847e+01 8.151285644366333827e+01 9.837994146730061118e+01 9.637319188450091190e+01 7.621750635595790868e+01
4.664899311792800908e-03 2.000466489931143599e+01 2.062537093167701130e+01 6.504534638933810342e+00 8.278877915186082959e+00 1.008194706825839049e+01 1.190749552944864398e+01 1.676715227750799997e+01 3.851538236569597728e+01 4.985751930665192333e+01 5.653106495779293539e+01 5.797627272268374554e+01 4.969501474913216299e+01 3.971147021538795485e+01 5.841068181141390170e+01 6.325641328985726375e+01 6.325641328985727085e+01 6.774938420917445114e+01 8.776146760836795124e+01 8.424620335751829714e+01 6.429814630891969784e+01 5.008085812033394291e+01 6.304853755971147677e+01 6.304853755971147677e+01 5.844209372627391730e+01 5.583791690084370174e+01 7.335032725058198366e+01 6.492594587470910028e+01 7.905675147930122648e+01 9.574621292460902566e+01 1.071780726071216066e+02 1.044580559987064134e+02 9.019290172856176468e+01 1.016707189798395063e+02 1.100165096527524327e+02 1.047086090629514246e+02 9.637319189266985120e+01
3.445177533103992596e-03 2.000344517753275042e+01 4.034316583085097996e+00 2.404037311548027844e+01 2.828474753752895765e+01 3.008794633272486863e+01 3.193004484734176529e+01 1.486283862072089512e+01 3.487577914780424493e+01 4.012829266887191437e+01 3.655803804646177468e+01 4.478003299031100681e+01 2.973318785880642423e+01 3.399647513738501914e+01 3.845195885826204574e+01 4.327870344709420891e+01 5.142095753166965721e+01 6.556047744426858515e+01 8.557184022659744471e+01 9.005997719483393382e+01 7.014079694695807632e+01 5.678509159498194947e+01 7.014079694695817579e+01 8.301748348036021241e+01 7.843713984594415933e+01 6.589469241782882136e+01 8.409365264539165707e+01 7.905659420446728802e+01 9.306873520873389793e+01 1.070807189381713869e+02 1.224431062744493346e+02 1.165139188406450472e+02 1.103542811505252530e+02 1.084805925690264417e+02 9.673860010244604268e+01 8.830947107926613171e+01 8.116722825016213960e+01
6.170631355331793709e-03 1.663020839301017961e+00 2.166686789599249963e+01 1.404004696702365607e+01 2.818276272609735855e+01 4.818300910110993840e+01 4.211451299993638031e+01 2.606597062932893039e+01 1.790043774315798686e+01 2.011487591996039015e+01 2.240392463749027385e+01 2.479109840588267133e+01 4.477941311909577138e+01 5.394778530658055615e+01 5.841110695356083937e+01 6.325641328985726375e+01 5.480189547988219800e+01 6.634763250100084520e+01 8.635916004503854992e+01 9.087013895026163368e+01 7.099833217203129720e+01 6.841313817000494168e+01 8.505170864276063014e+01 9.830261714022466890e+01 9.404699449930284061e+01 8.581708427927630112e+01 9.404699449930284061e+01 9.884815011174094934e+01 9.538286731731780321e+01 1.039617935527053731e+02 1.020338813327660574e+02 9.603811585886928981e+01 1.104391815923005851e+02 1.000354726734366011e+02 7.972570128787030797e+01 6.810833148809606996e+01 6.099362836777263652e+01
2.708283848820350944e-03 2.000270803450105461e+01 2.995127895473110513e+01 3.404069926393687950e+01 2.818276272609735500e+01 4.818300910110993129e+01 5.300968520100231274e+01 3.668509597943531730e+01 3.206515616985920758e+01 3.168494646623168265e+01 3.396741150105137308e+01 4.478032455915376886e+01 2.966028534543801598e+01 4.962188766926477257e+01 6.334127534543894456e+01 7.488644056387097692e+01 7.480549880223887271e+01 8.309647081359733534e+01 9.465148973966000767e+01 9.910508511311816449e+01 9.087013895026163368e+01 8.830079179946494605e+01 9.653062427835726567e+01 9.466277310496815289e+01 9.466277261451988068e+01 1.031256683036569513e+02 9.197078787993250160e+01 8.347235513447044752e+01 7.476809028652596112e+01 9.200056546029919957e+01 1.020353392010083979e+02 8.145021112824024101e+01 1.020353397019917878e+02 1.023338539184598801e+02 9.673859996910779557e+01 8.830947107926593276e+01 7.214530603817024712e+01
1.252954368065604170e-03 8.945524864367301987e+00 2.308766048811246208e+01 4.308766052744014985e+01 4.818300910110993129e+01 5.646782596679549471e+01 5.526601359867383678e+01 5.641811870126670669e+01 5.204852789778593092e+01 4.580973715362440402e+01 4.808500428764714485e+01 5.790426376636395389e+01 3.963878922475927169e+01 3.509849907285418880e+01 4.660667858127983720e+01 6.659104638623628603e+01 7.421191701114771888e+01 8.253955113828936874e+01 9.262545979220449510e+01 1.004327835228263694e+02 9.204339692497319447e+01 1.004327621008424387e+02 8.860524020825108948e+01 7.408478879055496691e+01 7.408478879046613486e+01 9.466277261172501767e+01 8.010423674494815316e+01 6.290255645306167764e+01 6.290256644198967706e+01 8.347690231396363458e+01 9.475764335697755314e+01 7.414118039105723312e+01 8.553793929880819746e+01 8.176314362654176193e+01 1.023338539184598801e+02 8.764602037546480062e+01 7.924099667890332910e+01
3.452158733728009216e-03 2.000345215873337423e+01 2.894552487966226906e+01 4.894552513097276147e+01 4.557811109061964316e+01 3.731981629183710680e+01 3.532266157342086643e+01 4.941979296383155429e+01 6.093228115619601226e+01 6.579101546627903474e+01 6.806859839511685095e+01 6.789398350656971104e+01 5.374819023494994497e+01 5.505306624585649899e+01 4.124564389874691983e+01 4.754622404717737538e+01 5.420021542798131975e+01 6.419942162004329589e+01 8.423277270683105655e+01 9.021890499072542013e+01 7.155554630335710442e+01 9.022305686346760467e+01 8.011194075300981865e+01 5.957329621758744054e+01 7.092677966130376888e+01 7.942453113951825117e+01 7.159639447580968863e+01 5.115105283662519753e+01 7.159639447580968863e+01 8.234228874397217623e+01 8.674848788557548573e+01 7.824988315587545173e+01 6.492382142763635500e+01 8.553793928738282659e+01 8.874734308118441106e+01 7.924099667890332910e+01 5.905061417716433425e+01
