MOVIE_S2_data/elevation_000805.asc
nrows	100
cellsize	150.0
xllcorner	0
ncols	100
yllcorner	0
NODATA_value	-9999
[rows 68 to 84 of 100, columns 0 to 36 of 100]
7.311399400410928048e-03 2.000731139940005576e+01 3.536401992020698515e+01 4.430909708337102160e+01 5.327251174388275956e+01 5.213221221488592505e+01 3.328558660548717540e+01 5.213221221488592505e+01 4.941944300166233717e+01 2.947478645997446378e+01 4.941944300166233717e+01 6.716820707175260452e+01 6.010015662079437959e+01 4.019182899145904742e+01 4.558292475478478423e+01 4.846342903836605842e+01 4.433528286397251605e+01 6.201646183899334375e+01 5.779824194026922157e+01 7.366179629953239782e+01 8.179068770241430286e+01 9.163159621696421198e+01 9.880934670524185037e+01 7.722329143886180702e+01 5.894434061617243970e+01 5.246635399626848084e+01 6.551991875862528047e+01 6.648987461493429407e+01 5.240772747519536523e+01 6.385179808914470811e+01 8.402764878163345941e+01 9.657252947032409907e+01 7.667133809863035765e+01 8.002020415401932496e+01 6.018679521570317092e+01 7.664045329556238073e+01 6.738965140029381473e+01
8.304378570984571536e-03 7.079372190436489909e+00 1.602364410044545906e+01 3.016578022257884939e+01 5.016597691072053777e+01 6.243977402816564393e+01 5.412334338232272302e+01 6.243977402816564393e+01 5.765917821840342583e+01 4.359147317387271414e+01 4.359147317387271414e+01 6.348940680101325285e+01 6.761057308914615760e+01 4.773991362661334392e+01 6.545361277260290933e+01 6.831960774846243112e+01 5.188167838148000044e+01 7.172198731440253994e+01 7.759228263719690233e+01 8.571248054926074644e+01 9.592976983210034803e+01 8.775226104594598553e+01 8.102897603446783137e+01 8.771944973882580143e+01 7.925395141998902204e+01 6.551988381300013486e+01 4.552845618380154491e+01 4.656444321611235893e+01 6.648987461506162333e+01 7.636106563501549260e+01 8.479258132061804076e+01 9.493244024163381312e+01 8.032327475894769009e+01 6.049068702713945100e+01 5.395376882791119044e+01 5.682797788940983708e+01 7.664045329556238073e+01
8.037589590134858880e-03 2.000803758958977951e+01 3.536400977028250736e+01 4.430854930318612617e+01 4.568774056432035024e+01 4.638059232405853294e+01 5.466537057274543088e+01 5.687569236112861404e+01 6.158979247383835087e+01 6.348940680101325285e+01 6.348940680101325285e+01 7.172688326293418015e+01 7.575706520842992120e+01 5.925400898455664134e+01 7.575706520842992120e+01 7.172198731440252573e+01 6.594890378126011399e+01 7.985851398464886586e+01 8.993337744008314871e+01 9.817637259927549565e+01 8.775226104594598553e+01 6.810127603362751358e+01 6.642045112377594762e+01 8.201552293286384554e+01 6.520672978952747201e+01 5.686067534036634186e+01 4.102015658943754772e+01 6.096356006572430175e+01 6.633487869580314111e+01 5.630869175659093884e+01 6.625258822833312422e+01 8.646954304169791783e+01 8.180862273591047540e+01 6.196921774682565598e+01 4.800167350060024063e+01 6.196921774682565598e+01 8.180862273591046119e+01
8.866319943247203544e-03 2.000886631994289289e+01 2.557826300123043239e+01 2.849560551583000745e+01 2.568770627590796352e+01 2.638055564606083792e+01 3.836910723407211776e+01 3.687557817891451606e+01 4.158962377428510138e+01 5.279278980102460395e+01 5.945922941625205027e+01 6.774287184564296638e+01 7.668678392457842108e+01 7.902586276215423311e+01 8.714248984219491945e+01 9.139499748096005760e+01 8.565944387682786498e+01 8.671536127194691801e+01 7.010274291106217959e+01 8.671536127194691801e+01 8.729464954765984430e+01 6.761277354632008496e+01 5.437234145254527817e+01 7.385691628674037190e+01 5.686067534036634186e+01 3.689414719773169793e+01 5.686067450565396086e+01 5.783176168223114644e+01 4.639330167121806880e+01 6.633487869580314111e+01 8.479258132061804076e+01 9.493244024163381312e+01 7.824536041081445603e+01 5.842145796052281526e+01 4.443633161911736806e+01 6.422774455863257970e+01 8.055529514058871143e+01
4.238120735784241429e-03 2.777739101861935733e+00 5.578299269917967429e+00 8.495599099875883908e+00 1.154557050652800321e+01 1.483355025263517746e+01 1.836908415856797561e+01 2.273344196328789835e+01 2.744748717119829706e+01 3.279271200944697284e+01 3.945937867610491168e+01 4.840365056285074985e+01 6.254576334041028218e+01 8.254491960160909514e+01 8.260229088193355551e+01 8.841964516021656095e+01 8.302162592771036032e+01 7.479425459171676493e+01 5.868267090081243964e+01 6.705176293341152416e+01 7.527106335082847011e+01 6.761277871142182505e+01 4.804092533804612231e+01 6.761277871142182505e+01 5.409863248576236572e+01 3.409852725483219871e+01 5.029273509785031138e+01 3.788538152141646265e+01 5.783176076790580566e+01 7.016363245484980382e+01 7.831210662614570595e+01 8.966901956304907628e+01 7.489450931057706384e+01 5.507837333884209130e+01 4.106302940478421704e+01 5.251142102991014582e+01 7.231733488223466111e+01
1.555317930585579152e-03 2.000155531793022945e+01 1.972043493781210444e+01 2.263773478894728441e+01 2.309257589624083451e+01 3.483356576421419959e+01 2.991608955956903060e+01 2.991608956530753716e+01 4.744753756150928581e+01 5.279278980102460395e+01 5.279291901876182891e+01 6.774287184564295217e+01 7.668678392457842108e+01 7.681404635003487158e+01 6.278936462180026012e+01 6.859243636824434986e+01 7.479425459171676493e+01 5.499920171093013721e+01 6.079703846576619952e+01 4.727258747886818924e+01 6.705176293341152416e+01 6.251483053138922941e+01 4.288268740163680803e+01 5.572866199834805201e+01 6.234984946533039363e+01 5.029273795908033406e+01 3.023706617939357244e+01 5.029273722528987633e+01 4.343303309389489897e+01 5.045233881226105410e+01 6.185037781442286331e+01 8.151974948266770582e+01 7.434294252969822026e+01 5.776806090073664990e+01 3.792839908187809073e+01 5.198290170063835802e+01 7.179974880977511020e+01
4.786148573735437791e-04 2.000047861485701972e+01 3.972044110011646723e+01 4.263773728617040604e+01 4.309260273096022331e+01 5.137731047495393000e+01 4.405822760902717761e+01 4.405822950882265587e+01 4.624603753530196570e+01 6.624668212048213434e+01 7.279506474806711935e+01 7.209225843597350547e+01 8.052847055356528472e+01 6.859243636824433565e+01 4.880299656543049736e+01 6.859243636824433565e+01 7.251884600916987722e+01 5.271379057237460586e+01 4.099720566252968013e+01 4.099720566252968013e+01 6.079703846576619952e+01 6.967286232175314353e+01 4.995276227456336926e+01 3.597843838215401746e+01 5.572860174503060193e+01 4.794907939183693912e+01 2.785549421830381078e+01 3.399095130381738983e+01 5.387892825060858115e+01 7.016363245521569070e+01 7.831210662614570595e+01 7.819645284264592533e+01 6.623708105022934944e+01 4.644843575571336203e+01 3.491757393403721466e+01 5.482686361386287643e+01 6.029859961621608733e+01
1.415922250553260878e-03 2.000141592225019949e+01 3.089735213215937648e+01 3.722192162726918951e+01 4.550668483266755260e+01 5.445186178712739888e+01 6.405858655805707258e+01 6.405889848044570556e+01 6.624667577427990750e+01 6.895993484957470798e+01 6.059989945719444648e+01 5.218671981057834586e+01 6.895894862388236390e+01 6.159581282801796931e+01 4.178502819637317600e+01 5.314846524216665813e+01 6.136101747917410876e+01 5.271379057237459875e+01 3.283517135813080756e+01 5.271379057237459875e+01 6.822977588260054915e+01 6.547084596519985666e+01 4.570598848859655305e+01 3.164233921645452696e+01 4.606767713660779862e+01 4.581615170349950006e+01 2.566325095502688924e+01 3.210156312194937556e+01 5.189854844986925286e+01 6.939952058264691459e+01 7.854964646136345152e+01 6.999016264915859153e+01 5.020764665109196301e+01 4.026298647362555272e+01 3.204149154333606475e+01 5.201100719503835279e+01 4.870095183414114359e+01
5.113348591224673584e-03 5.350338186839735499e+00 1.089734014909207538e+01 1.722189546942894722e+01 2.616616737960961458e+01 4.030830569074005609e+01 6.030887570439706735e+01 6.264597500203077374e+01 7.109918252191600629e+01 5.765118684795113069e+01 4.125927261587806782e+01 4.125927260273623887e+01 6.059982746410582166e+01 6.981120589966063505e+01 5.314846524216665813e+01 3.326302057816554480e+01 4.611789850417765280e+01 4.856881191100199402e+01 2.862147580020799609e+01 4.018922743817729071e+01 6.001553722979068795e+01 7.124926745859762889e+01 5.149492167637915685e+01 4.606771378631742664e+01 2.607967990653799362e+01 4.072535118238164387e+01 2.361555134869330885e+01 4.362415445042488216e+01 4.213139282022838472e+01 5.201224757783110419e+01 7.095314546314050119e+01 7.816877508174640354e+01 6.826825599118889443e+01 4.938803032969917695e+01 2.935579439806538105e+01 4.576084962592653937e+01 2.865212777232728669e+01
3.630678512830590090e-03 2.000363067851247578e+01 3.089735213215937648e+01 3.722192162726918951e+01 4.550668483266755260e+01 5.445186178296456347e+01 5.964799436093391449e+01 4.304644448027467973e+01 5.964799436093391449e+01 4.943358334406433841e+01 3.073489120175812417e+01 4.943358334406433841e+01 6.109283982029003113e+01 7.507031472596121091e+01 6.136101747917410876e+01 4.611789850417765280e+01 2.613094270044077305e+01 3.963327341838526507e+01 2.479184405222616405e+01 4.479911978387541893e+01 5.559627883861492847e+01 6.139501838214130913e+01 5.826377893338848679e+01 3.842308695610258695e+01 3.832357111925731630e+01 2.077223160081708642e+01 4.081457474030808186e+01 5.190893688721426713e+01 6.165534242701680512e+01 6.939952058264691459e+01 7.854964646136345152e+01 7.579159088515531550e+01 7.021812526731601167e+01 5.746213761965396571e+01 4.563575097223728960e+01 2.564904314917581019e+01 4.576084962592653937e+01
3.897887252982968069e-04 7.071457600590894899e+00 1.463074706079671117e+01 2.463074709319181821e+01 3.877290355225029117e+01 5.877516392832280445e+01 5.133029376287672108e+01 3.239904108867236943e+01 4.183233081017732502e+01 4.424750572812554594e+01 2.581496421461474355e+01 3.395403169887801909e+01 4.711371866522929253e+01 5.678114111719850854e+01 5.644087611793934656e+01 4.393992384786214700e+01 3.569583842341298663e+01 1.955619275500155396e+01 3.963327348356794033e+01 4.330918128210960560e+01 3.580531065739910446e+01 4.160165435091647623e+01 4.429505857568442906e+01 3.604178036141627928e+01 1.830665776468332595e+01 3.844081269073486595e+01 4.913652098190648587e+01 5.667856140157051925e+01 5.789160030075590413e+01 6.608253082869710227e+01 6.999825962542006152e+01 5.593826216076509183e+01 6.181684743393345371e+01 4.206761183980744079e+01 4.206786529684698905e+01 2.403486876918321968e+01 4.416045601583873292e+01
9.894987445105475968e-03 2.000989498744474915e+01 3.463089143071938025e+01 4.291784498199650244e+01 5.292135579811961321e+01 5.691326034047964555e+01 5.905499332174704818e+01 4.183233081016111043e+01 2.337107631473266167e+01 3.394028685083671348e+01 2.118733120099465950e+01 3.948824934370859552e+01 4.929076006041024272e+01 3.407853804463815095e+01 4.659965683104702094e+01 2.947915598889233380e+01 1.556831367223006346e+01 3.193449842972223252e+01 2.990158983896724010e+01 2.322986251498339172e+01 2.168245882823300619e+01 3.202051324370852114e+01 3.367267053933147025e+01 1.588950269868430887e+01 3.604178036141627928e+01 4.641815421612534465e+01 4.303753340776201242e+01 3.871980198917316329e+01 3.989334238451793624e+01 5.712050772229367368e+01 6.005920285344319609e+01 4.188799185045889573e+01 5.360074562055689995e+01 3.362389389843551868e+01 2.194202670851026227e+01 4.206564183720560379e+01 2.980009380427741661e+01
2.758038052605161963e-03 1.154869588524208623e+01 2.567642491339396216e+01 4.557248989416464013e+01 5.024532504852505355e+01 3.586369257552604495e+01 4.726869657958430082e+01 3.748028503686779089e+01 2.959585789415038803e+01 1.552749494509760630e+01 3.394028682177452083e+01 4.695830942633040195e+01 3.709017912157273145e+01 1.656220042981862761e+01 2.783907363935287904e+01 2.456677878145081806e+01 3.179446028966667726e+01 1.173718149524743026e+01 9.502946230517331117e+00 8.973881020618751592e+00 2.644572028122286511e+01 1.183592979266002132e+01 1.349877699877711912e+01 3.367399327267698794e+01 3.712358082346727883e+01 3.336378870933649665e+01 2.174168068783558283e+01 2.881971769035522257e+01 4.220914361420141603e+01 4.604776253014684784e+01 4.959811162769238280e+01 3.183231299309003859e+01 4.079607574104202428e+01 3.861247268633627527e+01 2.050249759272903916e+01 4.061915713702691733e+01 4.982405254798395333e+01
7.097940694151796438e-03 2.000709794069307179e+01 3.504579795770838757e+01 4.406257926224505184e+01 4.035136505323656309e+01 2.185094170361271537e+01 2.882425406149779690e+01 2.018147366907518148e+01 1.104327491158090169e+01 2.958681024388668135e+01 3.241083395859951111e+01 2.602868285148556282e+01 2.539079993803134272e+01 6.257279268849823772e+00 6.639211634534252227e+00 1.696173767744982896e+01 2.512718728772946264e+01 2.307648481350210545e+01 8.427901880781249133e+00 2.852285930189898977e+01 9.533205057857221831e+00 2.970216145605245472e+01 3.367399219635186114e+01 3.689084246669357015e+01 1.578897667417037276e+01 1.308522473557481192e+01 2.609389602396529995e+01 3.302591392513874524e+01 3.441526466717313326e+01 2.370913604787117279e+01 3.325546609202353920e+01 3.406334135372691208e+01 2.134221002218016849e+01 1.850519990446444751e+01 3.859718664790857900e+01 3.216744689079128250e+01 4.376145988074992488e+01
8.907212727516041623e-03 1.098956799730895462e+01 2.142028048899504711e+01 3.458465235904696300e+01 3.446392286503220248e+01 2.619125013226360821e+01 1.013942230295385194e+01 6.875294400676861706e+00 2.259889471160297347e+01 2.416062868959273047e+01 4.912767935556147769e+00 5.311392635741474244e+00 5.707323932698609603e+00 1.388696867150187053e+01 2.259401584647640249e+01 7.165940324967112751e+00 7.533670761424927420e+00 7.900193516458475784e+00 2.749887438563037279e+01 3.009485761268139470e+01 2.459337827046896408e+01 1.012607923002014232e+01 3.254058273624415420e+01 3.189437190358342988e+01 1.243304158885242572e+01 3.248104234942658053e+01 1.373897843967938215e+01 1.420120511566905641e+01 1.466338127092709520e+01 1.512535363212746908e+01 1.558755294379513856e+01 1.604903183610288053e+01 1.650993456040136564e+01 3.294699476261176585e+01 4.461008884837472266e+01 5.216354236715367421e+01 6.039206799339991960e+01
4.556156782696869564e-03 8.536346367297209525e+00 2.001582922456924862e+01 1.799285773937605981e+01 2.724985713961674705e+01 2.723066131453947047e+00 2.811328387624813185e+00 7.492586920095892111e+00 3.944596371011104718e+00 4.346788236898368574e+00 9.456268503354724686e+00 2.043733952069198878e+01 1.734136579636825104e+01 1.368078759521714538e+01 3.156020564709305631e+01 2.970524223306391676e+01 2.724765963693234028e+01 1.138866023587730858e+01 3.032489697605416623e+01 3.992903719336023016e+01 2.336631897762045185e+01 1.055180610929870788e+01 3.074609944592183552e+01 1.178700287693138371e+01 3.197401804629209821e+01 1.961474685109612537e+01 3.579246621774490933e+01 3.468801159474119089e+01 2.633979467768304517e+01 2.277760589001655234e+01 3.572303856289244095e+01 3.617836525059382069e+01 3.664431152942420766e+01 1.719897698691748644e+01 3.732794630595158480e+01 5.241026819360176603e+01 6.109238063177553357e+01
9.004134676422023004e-03 3.965690118155307253e-01 7.842066781081048488e-01 2.015349259463939546e+01 2.112280449435522556e+01 2.271805419306462515e+00 2.190575198647846378e+01 3.371096826992777906e+00 2.374909079517303923e+01 2.425410096225941103e+01 1.743469274278108827e+01 1.795542890270492009e+01 3.107394373265910659e+01 2.029552160220820056e+01 3.943249217216328617e+01 3.762524461849407942e+01 1.764652360287972499e+01 3.032915701415859289e+01 3.859976366254988278e+01 4.406131510662225992e+01 2.388525121806046769e+01 1.133552795758093978e+01 1.115353052033266756e+01 3.077626054769600472e+01 4.000772828665325420e+01 2.482724502416848722e+01 4.466482768283155735e+01 5.389025382722110180e+01 4.611162746715272220e+01 3.181719557765504192e+01 5.036848640523693632e+01 4.427018936896086387e+01 2.342172359691281258e+01 1.768546135318961277e+01 3.002633963860445476e+01 3.294653147347733579e+01 5.287702427433277563e+01
