MOVIE_S2_data/elevation_000167.asc
nrows	100
cellsize	150.0
xllcorner	0
ncols	100
yllcorner	0
NODATA_value	-9999
[rows 68 to 84 of 100, columns 37 to 73 of 100]
5.035363332215062115e+01 6.547633781060899594e+01 6.727417915556983985e+01 5.270665774741418375e+01 5.791948004622960156e+01 6.555219727842451505e+01 7.567064265596550854e+01 9.567285239039262024e+01 1.045331684324784760e+02 8.451542327312346004e+01 9.187283476760408973e+01 7.758097202440305296e+01 9.049814313755757667e+01 1.105486334095556913e+02 1.153680573282119042e+02 1.071464754767038556e+02 1.153680573282119042e+02 1.157549011783819708e+02 1.074619492347246421e+02 1.100533989032442008e+02 1.183500998131531361e+02 1.155240042230059885e+02 1.072524235647832285e+02 1.046642835588686751e+02 1.129343720221867500e+02 1.180184706668056691e+02 9.746773838569338011e+01 8.534071113094054795e+01 8.805789390130885863e+01 1.022397938583186061e+02 8.371340523262750821e+01 1.029071029224487290e+02 9.238592257051094236e+01 1.034083503588705355e+02 1.232662652794485467e+02 1.206563548620312645e+02 1.012225225324563382e+02
6.547633781060899594e+01 4.530542028146752642e+01 4.710598632618579984e+01 6.727417915556983985e+01 7.806727231773771791e+01 8.567174752317905018e+01 9.385719915988488538e+01 1.038037571920754800e+02 1.043494995660545328e+02 8.433299494535810936e+01 7.192429367267875762e+01 7.055760562302747019e+01 8.463484666663160283e+01 1.046533929979064652e+02 1.054004089997379765e+02 8.717529042602519951e+01 1.054004089997379765e+02 1.042132569393459818e+02 8.748376200001087000e+01 9.007641406553888430e+01 1.100533989032442008e+02 1.072524235647832285e+02 8.728689945105787729e+01 8.469440028328405390e+01 1.005972488602080830e+02 1.088684548012327866e+02 1.092390939217123531e+02 9.413385247087687446e+01 7.339855237420378842e+01 8.657274709009121239e+01 7.672970262635857353e+01 9.501294722551699579e+01 8.371938503729094805e+01 9.496563913681556812e+01 1.149413081217995085e+02 1.123408806077507478e+02 9.228753661719765944e+01
5.617783646801150610e+01 4.189415901642935580e+01 6.206683045630266093e+01 7.554142453556997339e+01 8.171476067892704975e+01 8.223005236873984813e+01 9.043130717965300391e+01 9.577161971445039512e+01 8.749608922181644743e+01 8.433299494535839358e+01 6.441619981002591544e+01 6.504829959030188036e+01 7.911329845287109208e+01 9.910124720886304317e+01 9.716088295136461284e+01 7.717993905153173273e+01 9.716088295136461284e+01 9.592753745684194655e+01 7.594431351314692336e+01 9.330488678352676857e+01 1.015836918720666375e+02 9.938252015548702900e+01 9.313466607402446584e+01 7.315694245557419606e+01 8.062597384480396556e+01 1.005972488602080830e+02 1.005439568439180817e+02 7.953156035225998721e+01 6.754144169450293589e+01 6.738131797709374382e+01 7.142015445607995616e+01 7.562950719295578494e+01 8.412270325429295781e+01 9.537820140385262846e+01 1.153596107222486751e+02 1.165058101262348913e+02 9.643520026539471246e+01
5.958982716033099791e+01 3.946242833197494804e+01 5.625197258323139238e+01 6.163917726030995681e+01 6.163917775768520357e+01 6.213279982438270821e+01 8.223005236873984813e+01 8.687102089034645758e+01 6.798267731063356223e+01 7.326610490305802159e+01 5.839972416358314433e+01 7.832785526442475543e+01 8.496763310148280368e+01 1.049876279653657321e+02 9.050056831808687718e+01 7.052232580720452404e+01 9.050056831808687718e+01 8.960828719131308162e+01 6.963266255094752921e+01 7.332977622189856959e+01 9.004907910897532020e+01 7.941597355392815416e+01 7.941597355392815416e+01 6.650828128568366537e+01 8.062597384480396556e+01 1.005972488602080830e+02 9.379263719879595840e+01 7.535607568043609206e+01 6.261525785704044011e+01 8.205430345329095587e+01 9.067867823131679472e+01 9.501294728955944890e+01 1.032722846812052637e+02 1.121284824115924152e+02 1.236843453192892071e+02 1.094105522205750702e+02 8.938720625281499110e+01
6.151146312638251601e+01 5.321392555551157244e+01 3.609957303279944085e+01 4.144328916017246911e+01 4.784390887570296513e+01 5.951390103855356273e+01 7.963753333460431350e+01 8.240718031719035253e+01 6.186127215050137096e+01 5.327698558903566806e+01 7.326610490305773737e+01 7.986744710232458999e+01 8.818051651371142441e+01 9.529641846146479622e+01 8.473334647229010841e+01 6.476457785174069670e+01 8.473334647229010841e+01 9.786982487753496684e+01 8.177225132367820493e+01 6.181780097322405254e+01 7.546161277175124837e+01 7.365825835963387647e+01 5.947066304987038166e+01 7.097567524809146278e+01 9.094563545521982917e+01 1.028014093697396447e+02 9.287936026482326213e+01 7.933114126054726967e+01 5.992660991556304140e+01 7.933114126054726967e+01 9.515485130212401543e+01 9.047320484927541884e+01 9.794488776473144753e+01 1.062381187946029968e+02 1.177763007400652384e+02 1.177307469187747273e+02 1.061595633163334043e+02
5.033061567092915567e+01 3.313356001060817135e+01 3.535084224684856480e+01 6.041736655540479717e+01 6.801914881140639579e+01 7.628205350201784540e+01 8.785036748764684944e+01 8.049261559131254273e+01 6.123791033305904818e+01 5.004576010079249926e+01 6.574399859793277301e+01 5.989387467994920655e+01 7.986744710233421074e+01 8.118742264628301086e+01 6.707842684553968127e+01 5.962200255941644400e+01 7.372738835472344476e+01 9.367574773733680615e+01 9.004907910897532020e+01 7.546161277175124837e+01 5.552615384424611733e+01 5.372794784175381722e+01 7.365825835963387647e+01 8.768748106368474282e+01 9.921692161253940867e+01 9.451039029414297943e+01 7.480216327509286600e+01 6.515060184603585469e+01 5.729494615467136498e+01 7.669060311961079890e+01 7.545211549582214161e+01 7.085037264149271152e+01 7.817667244732082565e+01 8.951364247094116422e+01 1.094621830216084675e+02 1.227450425567658527e+02 1.026666784710325544e+02
3.026265282749077556e+01 5.033061567097079347e+01 6.030739584644739892e+01 5.416620376025453965e+01 6.962253499031203319e+01 8.972641058759120369e+01 9.243323240503339377e+01 8.868875816127589928e+01 7.727154203180270997e+01 5.730525111789526704e+01 4.576231307989289832e+01 6.189852142703797711e+01 6.403679438810435443e+01 6.749808534993164244e+01 5.298126628190698995e+01 6.294494101080865534e+01 7.705754440762451907e+01 9.702983047170376096e+01 9.542661828935491997e+01 7.546161277175124837e+01 6.982266831212369596e+01 4.988815965652824502e+01 6.982266831212369596e+01 7.710596331493533739e+01 9.706624977238743668e+01 1.028014093697396447e+02 8.397823496864829451e+01 6.447646946883088503e+01 5.481263867981917315e+01 7.358686485182194303e+01 6.175473292596883823e+01 8.122291320556092842e+01 9.598514458785800230e+01 1.062381187946029968e+02 1.126191118460968710e+02 1.192496375322173066e+02 9.919795150608931067e+01
2.838738571939369493e+01 3.734475653327211120e+01 4.894297997726178551e+01 6.907340227170796254e+01 8.373864690867840466e+01 8.654617960760570838e+01 7.237585892652488440e+01 8.654617960760570838e+01 8.558052975660442030e+01 7.403719559036406395e+01 6.189852142703797711e+01 4.187513347731763957e+01 4.402558985731816676e+01 4.753392082615105352e+01 6.749808534993164244e+01 8.118742264583062251e+01 9.116456714761689284e+01 8.689229716666517334e+01 8.571502472732213107e+01 7.744742228106056814e+01 6.713462647400154992e+01 4.718966546556278274e+01 5.716328963306779798e+01 7.710596331493532318e+01 9.096768724652268645e+01 1.037970182268177695e+02 8.397823496864829451e+01 7.185547383988580350e+01 5.239274570197326852e+01 5.413983921079086770e+01 5.949703442319995617e+01 6.815633778353877403e+01 8.193328019617820246e+01 1.017434401019438184e+02 9.259553737164750942e+01 1.067708396810729425e+02 1.028775044501573177e+02
4.000125925688016082e+01 5.676063283196522491e+01 6.574006490920578472e+01 7.732833934548540356e+01 8.362110791932197174e+01 7.536812888517866327e+01 5.806767857403801969e+01 7.754048684625236376e+01 8.635100762701854649e+01 7.337791259820508571e+01 5.339298137219991958e+01 3.921151002798581686e+01 5.924181637983194548e+01 6.745164067452013512e+01 6.747876280837094498e+01 8.731774401048433276e+01 8.689229716666517334e+01 6.693931845029658234e+01 7.060075826542644961e+01 5.749758859130990629e+01 6.115845128330236946e+01 4.462532589835855390e+01 5.278077499379890725e+01 6.274533607134104329e+01 8.269813869242634041e+01 9.187519543754308415e+01 8.329688508147640391e+01 8.001924863891788675e+01 6.856566623602080313e+01 4.899069595512190745e+01 6.856566623602083155e+01 8.718498703698629981e+01 9.598521211948266796e+01 9.678407790506763320e+01 7.852401178546089966e+01 9.678407790506763320e+01 1.087527207058370351e+02
5.419186090089340979e+01 6.842732699314227318e+01 6.859649157743403691e+01 6.017335050245215911e+01 6.850866084535917366e+01 5.523265248335142275e+01 4.901551475469462105e+01 5.788624174577746118e+01 7.804918648212387211e+01 7.490715459741200277e+01 5.720522715240871037e+01 3.718354215900746595e+01 4.536730042832494547e+01 5.537839209476379665e+01 6.948612392691480011e+01 8.933630273802053523e+01 7.736487644911539974e+01 6.909909025978413410e+01 5.064823679811177470e+01 5.798167568540269912e+01 4.119309415261682972e+01 5.013203330096406063e+01 7.007896438274245554e+01 8.098957929802321587e+01 9.096768724652268645e+01 8.329695304125606015e+01 6.267547771350236019e+01 6.871346068558125353e+01 6.382339072608412778e+01 4.686245272425854580e+01 6.083600950245826766e+01 8.036977238299428450e+01 9.763624366878607930e+01 8.849215916854033992e+01 6.867448065828621395e+01 8.849215916854033992e+01 1.074543747161421834e+02
5.601109654498167600e+01 5.765597094558587798e+01 5.848937084640613904e+01 4.021868427021995274e+01 5.844873616541850936e+01 4.367654435690078429e+01 4.153090824988933605e+01 6.158621104346570263e+01 7.224937822264693921e+01 6.077888941705572989e+01 4.665062166996270321e+01 3.525564728300363271e+01 5.523480722841450330e+01 7.350644553461992814e+01 8.343709780948574917e+01 7.603887244629697761e+01 6.909909024487298268e+01 4.914394030513166456e+01 5.498866841107292203e+01 3.801614899234839839e+01 5.213770928004559124e+01 6.942308816138373118e+01 6.641750878333260744e+01 8.637057351597367472e+01 9.989211864421352516e+01 7.544575645693505805e+01 5.883682330042750408e+01 4.962103161944817487e+01 4.387440497486778668e+01 6.293270654313666057e+01 5.831541304423992500e+01 6.954966587828687352e+01 8.929002540254415976e+01 8.188626633178897407e+01 6.225001247387093173e+01 8.188626633178897407e+01 9.915659997856153041e+01
4.267449897873179765e+01 3.325322729636181407e+01 4.725634138657122207e+01 2.992074357044405275e+01 4.984873968657058185e+01 3.394747800232300250e+01 5.371987409765815613e+01 6.991686738345146068e+01 5.812684211594719841e+01 4.400430600924492808e+01 3.258524558633996548e+01 5.250417944498750700e+01 6.350804206416816555e+01 7.308849670145414734e+01 7.022437496226956455e+01 5.612191797802985604e+01 6.040306280488818658e+01 5.213736333776152776e+01 3.502982201591800759e+01 4.914394030513267353e+01 6.624716277048393920e+01 8.035661580903564527e+01 8.637057351597353261e+01 8.639822081102141738e+01 9.425770929514472130e+01 8.470970017293936394e+01 7.245764853886041124e+01 5.785510662899503842e+01 4.171764649342733122e+01 6.172268305924109910e+01 7.773041842238467325e+01 8.616994627752742986e+01 9.021050014070119971e+01 7.042178876243785624e+01 5.669532626586036628e+01 7.621776810641659949e+01 9.094013529063806800e+01
2.110753549735291656e+01 1.818834237518758812e+01 3.820065620439552845e+01 2.339129379107671980e+01 4.222274513912778104e+01 2.950717379560912335e+01 4.918516658341383874e+01 5.554753798733975145e+01 4.727886584457217367e+01 2.998860240672875577e+01 4.985423721546357712e+01 6.077888988588005503e+01 6.717189548261205800e+01 5.294973172325883581e+01 6.166089444855849422e+01 4.207331391444692770e+01 4.935575932713294378e+01 3.218489348379230819e+01 5.213736333776152776e+01 6.325440964186380199e+01 7.736487897859485940e+01 8.780732966179930088e+01 8.239652853678853717e+01 6.555338808721796795e+01 7.632118658314657011e+01 7.965634934079426444e+01 6.772077360078475294e+01 6.011091739239768827e+01 3.947829900762943112e+01 5.782362417915584274e+01 6.595474093637577084e+01 7.948839349306605584e+01 8.379125981388951061e+01 7.133715764545726756e+01 5.154018621338629913e+01 6.286228379704049019e+01 8.261929819838481137e+01
1.737437226542042623e+01 1.793806816177500707e+01 1.856785318094838999e+01 1.910052113415819619e+01 2.339030428710148968e+01 4.284887568075907183e+01 5.260617367767397212e+01 4.474785730451458932e+01 2.742985186959056776e+01 4.727886584457252894e+01 5.811671513276742473e+01 5.849690984153226481e+01 5.865709684247054412e+01 3.882296706612916637e+01 4.615676313165997158e+01 3.971477827608639899e+01 2.940424794510726159e+01 4.935116474291522337e+01 5.987185786811284061e+01 7.286666944751952713e+01 6.678769441178990007e+01 6.678769449937453828e+01 7.403097005650148787e+01 5.385648692106470037e+01 5.641194371178584532e+01 6.339906189910421830e+01 4.735273945372986759e+01 5.466229202566411516e+01 3.734066499656932336e+01 4.014501892322223142e+01 5.783395583835797993e+01 5.782510237772261519e+01 5.648818647706642082e+01 6.654177506285552113e+01 4.627764885715865972e+01 6.097450680160241632e+01 8.073584895873875666e+01
3.586154472377108959e+01 4.349822306864781751e+01 3.883160594173373426e+01 3.914616931497527474e+01 1.977980978631894970e+01 3.994678906125728446e+01 4.225259806781561878e+01 2.486587076427469967e+01 4.474785730438983933e+01 4.459970256434734637e+01 4.391848264524016798e+01 3.856830067478904311e+01 4.484602699316278063e+01 4.347811265128338221e+01 2.619724165933177318e+01 2.671534451884878081e+01 4.663006771415338392e+01 4.563826364522511625e+01 5.407456236121663551e+01 5.405059062551783455e+01 4.559560248894133139e+01 6.678769447333057485e+01 6.537843907938349730e+01 6.224317811167166070e+01 4.230075318908860993e+01 5.329214651976401740e+01 3.424813952254139338e+01 3.484813217516568074e+01 3.544605088914233448e+01 5.116561485640779239e+01 5.414168964062652378e+01 4.605601731460269121e+01 3.850323267089220280e+01 5.859955468843170223e+01 4.249008408047926366e+01 6.229423871107047717e+01 7.817871231932869591e+01
3.359398575348468086e+01 4.989751286130413632e+01 4.726705461532061747e+01 2.744171045454214308e+01 3.994063039175092911e+01 2.046027003113305298e+01 2.229012582268268616e+01 4.225267128725010934e+01 4.327435087880631670e+01 2.337245236474811350e+01 2.389613704511454628e+01 2.441899059587990450e+01 2.494143873029819503e+01 2.546255120171745645e+01 4.540405929588921197e+01 4.620620461235640875e+01 2.747364058316357927e+01 4.369773083849644024e+01 4.794458501863318389e+01 3.483733861359084472e+01 5.346854361904777875e+01 5.076346701837856301e+01 4.549705654298244184e+01 5.188050627024512806e+01 5.233639965947603656e+01 3.339949767826242066e+01 4.372017055564258214e+01 5.413159080195864448e+01 5.530355692530660150e+01 3.634019945481532687e+01 3.697135329834485162e+01 3.760226417658935105e+01 5.246125006045830474e+01 3.940855201518387219e+01 4.005080306975973059e+01 5.635313005807704911e+01 6.830965900034388483e+01
4.244378411444573374e+01 5.493664879117005029e+01 3.577883829717921316e+01 4.726705819082438609e+01 4.886418837416714211e+01 4.043412267384165659e+01 2.116961049135393225e+01 4.128521068079911771e+01 2.262957406104260372e+01 3.987060338247860614e+01 4.375226934424289027e+01 3.887451535073253694e+01 4.492561908800610126e+01 2.494987688137350190e+01 5.013419349374039058e+01 4.809719070314412193e+01 3.114993825396662785e+01 2.823239762833429722e+01 2.877170607911305211e+01 2.931112683678090391e+01 4.774008847186431836e+01 3.087090916638619831e+01 3.143272065938339921e+01 3.199482280372181364e+01 3.255766152641995603e+01 5.245561473302190336e+01 6.003597142811386789e+01 5.899400363005084102e+01 6.548358096102174386e+01 5.618125060765428458e+01 5.466776338540865510e+01 4.023031129852344634e+01 6.036831828910215592e+01 5.926986807801046808e+01 5.992313547651927763e+01 4.097845433958836736e+01 6.085373253936847249e+01
